10 -300762.966443
10 -295188.371532
10 -294862.248418
10 -295936.114034
10 -295936.114034
10 -295936.114034
10 -295936.114034
10 -295936.114034
10 -295870.108608
10 -295870.108608
10 -298096.507223
10 -295188.371532
10 -295425.72269
10 -296551.559111
10 -295292.683296
10 -299936.911371
10 -299936.911371
10 -293924.035881
10 -297987.744299
10 -297987.744299
10 -297987.744299
10 -298329.620701
10 -295188.371532
10 -297903.503678
10 -298329.620701
10 -296314.87238
10 -296314.87238
10 -296971.803479
10 -296971.803479
10 -295284.701589
10 -296471.144617
10 -296471.144617
10 -296141.657905
10 -295936.114034
10 -295306.535375
10 -295557.565151
10 -297820.739734
10 -297820.739734
10 -298611.034623
10 -298611.034623
10 -297706.616661
10 -297706.616661
10 -296516.347516
10 -296516.347516
10 -295188.371532
10 -296516.347516
10 -297777.413723
10 -295936.114034
10 -295188.371532
10 -297777.413723
11 -287595.905342
11 -290394.017589
11 -287595.905342
11 -287595.905342
11 -287595.905342
11 -287595.905342
11 -289768.942281
11 -289768.942281
11 -286801.677946
11 -286801.677946
11 -286801.677946
11 -290166.128506
11 -288922.015103
11 -288922.015103
11 -288408.329556
11 -288408.329556
11 -288914.373268
11 -288808.421425
11 -288808.421425
11 -288808.421425
11 -288808.421425
11 -287292.240013
11 -288871.912521
11 -287696.622765
11 -290264.57434
11 -290264.57434
11 -290264.57434
11 -288915.940421
11 -289203.921747
11 -289203.921747
11 -289361.456174
11 -288346.749158
11 -287267.148803
11 -287595.905342
11 -288346.749158
11 -288428.960505
11 -288511.689509
11 -288428.960505
11 -287533.926268
11 -288131.555921
11 -288630.680344
11 -288630.680344
11 -288630.680344
11 -287590.106205
11 -288871.912521
11 -287518.532406
11 -288683.203649
11 -287595.905342
11 -288871.912521
11 -287595.905342
1 -423078.259762
1 -423078.259762
1 -423078.259762
1 -423078.259762
1 -423078.259762
1 -423078.259762
1 -423078.259762
1 -423078.259762
1 -423078.259762
1 -423078.259762
1 -423078.259762
1 -423078.259762
1 -423078.259762
1 -423078.259762
1 -423078.259762
1 -423078.259762
1 -423078.259762
1 -423078.259762
1 -423078.259762
1 -423078.259762
1 -423078.259762
1 -423078.259762
1 -423078.259762
1 -423078.259762
1 -423078.259762
1 -423078.259762
1 -423078.259762
1 -423078.259762
1 -423078.259762
1 -423078.259762
1 -423078.259762
1 -423078.259762
1 -423078.259762
1 -423078.259762
1 -423078.259762
1 -423078.259762
1 -423078.259762
1 -423078.259762
1 -423078.259762
1 -423078.259762
1 -423078.259762
1 -423078.259762
1 -423078.259762
1 -423078.259762
1 -423078.259762
1 -423078.259762
1 -423078.259762
1 -423078.259762
1 -423078.259762
1 -423078.259762
2 -377444.98701
2 -377444.98692
2 -377444.98692
2 -377444.98692
2 -377444.98692
2 -377444.98692
2 -377444.98692
2 -377444.98692
2 -377444.98692
2 -377444.986747
2 -377444.986747
2 -377444.988979
2 -377444.986904
2 -377444.986904
2 -377445.006033
2 -377445.006033
2 -377445.006033
2 -377444.987063
2 -377444.989112
2 -377444.989112
2 -377444.989112
2 -377444.98699
2 -377444.988979
2 -377444.98699
2 -377444.98699
2 -377444.986727
2 -377444.986727
2 -377444.986727
2 -377444.986733
2 -377444.986733
2 -377444.98699
2 -377444.98699
2 -377444.98699
2 -377444.988979
2 -377444.986996
2 -377444.986996
2 -377444.986761
2 -377444.986761
2 -377444.986761
2 -377444.986747
2 -377444.986747
2 -377444.986911
2 -377444.986911
2 -377444.986819
2 -377444.988979
2 -377444.986819
2 -377444.988979
2 -377444.988979
2 -377444.98692
2 -377444.98692
3 -365423.15201
3 -365945.355837
3 -365945.355837
3 -365945.355837
3 -365332.06347
3 -365332.06347
3 -365945.355837
3 -365330.239401
3 -365330.239401
3 -365581.735302
3 -365581.735302
3 -364406.807708
3 -365825.596689
3 -366955.300517
3 -366955.300517
3 -365245.222755
3 -365245.222755
3 -365597.980114
3 -364406.810695
3 -365214.967368
3 -364406.810695
3 -364406.81279
3 -364406.807708
3 -365508.71425
3 -365740.895764
3 -365471.540194
3 -365740.895764
3 -365162.915032
3 -365162.915032
3 -365162.915032
3 -365559.918385
3 -365559.918385
3 -365559.918385
3 -364406.807708
3 -365187.260496
3 -365187.260496
3 -365329.225008
3 -365778.80631
3 -365379.733098
3 -365635.239723
3 -365635.239723
3 -365153.012676
3 -365497.096673
3 -365153.012676
3 -365945.355837
3 -365153.012676
3 -364406.807708
3 -365945.355837
3 -365945.355837
3 -365945.355837
4 -354494.506213
4 -354584.245843
4 -354393.161683
4 -354584.245843
4 -354584.245843
4 -354660.308356
4 -354568.887999
4 -354568.887999
4 -354358.650508
4 -352502.305091
4 -354358.650508
4 -354393.161683
4 -352536.11598
4 -352536.11598
4 -354471.877659
4 -355759.242316
4 -355759.242316
4 -354331.630047
4 -354611.620559
4 -354636.9737
4 -354636.9737
4 -354174.192249
4 -354584.245843
4 -354151.717827
4 -354174.192249
4 -354029.410421
4 -354482.861462
4 -354305.68945
4 -354305.68945
4 -354219.676618
4 -352356.615773
4 -353934.059335
4 -354272.784414
4 -354393.161683
4 -354272.784414
4 -352596.113903
4 -354194.517278
4 -354510.879217
4 -354194.517278
4 -353989.895548
4 -353989.895548
4 -354398.375791
4 -352494.259527
4 -354550.421254
4 -354547.481055
4 -354398.375791
4 -354584.245843
4 -354393.161683
4 -354584.245843
4 -354547.481055
5 -343588.448904
5 -343909.280049
5 -343853.932598
5 -341559.060995
5 -341559.060995
5 -341559.060995
5 -341559.060995
5 -343438.557824
5 -343438.557824
5 -344283.543518
5 -344283.543518
5 -341559.060995
5 -341892.460784
5 -341703.888766
5 -344712.692984
5 -344712.692984
5 -341849.952095
5 -344419.440707
5 -343569.854967
5 -344341.770423
5 -344341.770423
5 -344000.136147
5 -344295.522124
5 -343640.321294
5 -343640.321294
5 -341781.037805
5 -341132.134012
5 -342282.538987
5 -344272.234258
5 -342282.538987
5 -344054.452773
5 -344054.452773
5 -345332.970973
5 -343909.280049
5 -343605.050988
5 -345332.970973
5 -344684.626151
5 -344684.626151
5 -341302.835272
5 -344425.989191
5 -344810.37103
5 -341434.147051
5 -343558.760294
5 -341434.147051
5 -344264.778089
5 -341434.147051
5 -344264.778089
5 -341559.060995
5 -344264.778089
5 -344264.778089
6 -331498.58602
6 -333803.979684
6 -333803.979684
6 -333803.979684
6 -331074.213517
6 -333803.979684
6 -333803.979684
6 -334033.221611
6 -331454.572113
6 -331454.572113
6 -331027.158602
6 -331498.58602
6 -331027.158602
6 -330105.846677
6 -333966.613415
6 -333966.613415
6 -334673.201891
6 -333297.027146
6 -333297.027146
6 -331288.555607
6 -333976.235489
6 -331129.82711
6 -331639.563224
6 -331446.7614
6 -331446.7614
6 -333711.079897
6 -334111.013889
6 -335076.092883
6 -335076.092883
6 -335076.092883
6 -331961.943421
6 -331961.943421
6 -331362.283337
6 -331498.58602
6 -334259.641279
6 -331362.283337
6 -331113.908761
6 -331113.908761
6 -330528.349938
6 -334292.452479
6 -331259.405167
6 -331549.416752
6 -331549.416752
6 -331591.050886
6 -334150.565061
6 -334520.551362
6 -334150.565061
6 -333803.979684
6 -331498.58602
6 -334150.565061
7 -321226.31017
7 -321715.560631
7 -321715.560631
7 -321197.907498
7 -324660.550883
7 -321197.907498
7 -324651.31503
7 -321197.907498
7 -324651.31503
7 -321910.110137
7 -324475.736675
7 -321226.31017
7 -324475.736675
7 -323702.865375
7 -325801.764269
7 -325801.764269
7 -322356.287147
7 -325190.076895
7 -321253.028103
7 -321253.028103
7 -321946.249164
7 -324360.615334
7 -324064.335743
7 -324360.615334
7 -321642.017147
7 -321642.017147
7 -321642.017147
7 -323673.78315
7 -323673.78315
7 -324061.686923
7 -321103.322314
7 -321103.322314
7 -321034.747681
7 -321226.31017
7 -324297.109197
7 -321034.747681
7 -324419.803241
7 -324863.914841
7 -324863.914841
7 -324863.914841
7 -325419.563963
7 -325419.563963
7 -325419.563963
7 -324922.92855
7 -323205.173557
7 -324922.92855
7 -323205.173557
7 -321226.31017
7 -321226.31017
7 -321226.31017
8 -316018.314259
8 -312596.477598
8 -313861.536551
8 -313861.536551
8 -313330.04162
8 -313861.536551
8 -313861.536551
8 -313861.536551
8 -313208.80752
8 -313208.80752
8 -313208.80752
8 -312024.826398
8 -311717.737136
8 -312042.467825
8 -312420.311629
8 -312151.533983
8 -311732.612329
8 -311732.612329
8 -314421.569853
8 -314421.569853
8 -314421.569853
8 -312821.144778
8 -313861.536551
8 -312821.144778
8 -312821.144778
8 -311652.763901
8 -315826.452468
8 -316189.929539
8 -316189.929539
8 -316189.929539
8 -315920.301267
8 -315920.301267
8 -312091.431617
8 -312596.477598
8 -312251.176487
8 -312091.431617
8 -315897.189515
8 -312015.77759
8 -315897.189515
8 -313018.397244
8 -313056.520704
8 -312760.778851
8 -312760.778851
8 -313935.478291
8 -315453.884895
8 -313935.478291
8 -315453.884895
8 -313861.536551
8 -315453.884895
8 -313861.536551
9 -306189.201332
9 -305581.870111
9 -307452.873645
9 -305581.870111
9 -307671.449194
9 -305581.870111
9 -305581.870111
9 -305581.870111
9 -306353.23454
9 -306353.23454
9 -303671.229337
9 -302996.745937
9 -307613.832384
9 -307613.832384
9 -303242.721552
9 -303242.721552
9 -306139.339785
9 -306139.339785
9 -303307.181488
9 -304274.808774
9 -304274.808774
9 -304415.618059
9 -302996.745937
9 -304415.618059
9 -304415.618059
9 -304925.354317
9 -305749.343483
9 -306804.110953
9 -305749.343483
9 -307422.705008
9 -307422.705008
9 -307422.705008
9 -304937.212077
9 -302996.745937
9 -303916.181835
9 -304937.212077
9 -304162.866503
9 -304074.630524
9 -307278.121839
9 -305651.72656
9 -304904.482628
9 -303529.685036
9 -303529.685036
9 -304904.482628
9 -304400.085566
9 -304951.340932
9 -304400.085566
9 -305581.870111
9 -304400.085566
9 -302996.745937
