10 -120514.652151
10 -117703.946395
10 -116319.846014
10 -116319.846014
10 -116319.846014
10 -116832.076504
10 -116832.076504
10 -116832.076504
10 -119526.39235
10 -119526.39235
10 -119526.39235
10 -116818.650906
10 -121118.722217
10 -121118.722217
10 -121118.722217
10 -120178.067829
10 -120178.067829
10 -116387.40101
10 -116498.952199
10 -116498.952199
10 -116530.556533
10 -116530.556533
10 -116818.650906
10 -116319.843895
10 -117156.744578
10 -117156.744578
10 -120524.04086
10 -120524.04086
10 -120524.04086
10 -117982.413351
10 -117982.413351
10 -117982.413351
10 -120524.04086
10 -117009.729988
10 -117982.413351
10 -117982.413351
10 -117982.413351
10 -116483.007025
10 -117982.413351
10 -117982.413351
10 -117982.413351
10 -117982.413351
10 -116483.007025
10 -116483.007025
10 -117009.729988
10 -116483.007025
10 -118531.876003
10 -118531.876003
10 -118531.876003
10 -117703.946395
11 -113434.978793
11 -112033.138789
11 -114171.7196
11 -114171.7196
11 -114171.7196
11 -112404.10292
11 -112404.10292
11 -112404.10292
11 -112182.822212
11 -112182.822212
11 -112182.822212
11 -111473.963541
11 -112310.337043
11 -112310.337043
11 -112310.337043
11 -113046.945409
11 -113046.945409
11 -113159.081362
11 -113159.081362
11 -116319.832022
11 -116319.832022
11 -112114.535206
11 -111473.963541
11 -111880.939967
11 -111542.268341
11 -112404.657583
11 -114959.012518
11 -112404.657583
11 -114959.012518
11 -114959.012518
11 -114959.012518
11 -114959.012518
11 -112404.657583
11 -112293.838088
11 -114959.012518
11 -114959.012518
11 -114959.012518
11 -111542.28291
11 -114959.012518
11 -114959.012518
11 -114959.012518
11 -114959.012518
11 -111542.28291
11 -111542.28291
11 -112293.838088
11 -111542.28291
11 -116540.404064
11 -116540.404064
11 -116540.404064
11 -112033.138789
1 -206138.825121
1 -206138.825121
1 -206138.825121
1 -206138.825121
1 -206138.825121
1 -206138.825121
1 -206138.825121
1 -206138.825121
1 -206138.825121
1 -206138.825121
1 -206138.825121
1 -206138.825121
1 -206138.825121
1 -206138.825121
1 -206138.825121
1 -206138.825121
1 -206138.825121
1 -206138.825121
1 -206138.825121
1 -206138.825121
1 -206138.825121
1 -206138.825121
1 -206138.825121
1 -206138.825121
1 -206138.825121
1 -206138.825121
1 -206138.825121
1 -206138.825121
1 -206138.825121
1 -206138.825121
1 -206138.825121
1 -206138.825121
1 -206138.825121
1 -206138.825121
1 -206138.825121
1 -206138.825121
1 -206138.825121
1 -206138.825121
1 -206138.825121
1 -206138.825121
1 -206138.825121
1 -206138.825121
1 -206138.825121
1 -206138.825121
1 -206138.825121
1 -206138.825121
1 -206138.825121
1 -206138.825121
1 -206138.825121
1 -206138.825121
2 -191870.103587
2 -191776.854618
2 -191776.854618
2 -191834.15311
2 -191834.15311
2 -191834.15311
2 -191644.861966
2 -191644.861966
2 -191644.861966
2 -192544.314333
2 -192544.314333
2 -191865.035067
2 -192544.314333
2 -192009.532273
2 -192009.532273
2 -192009.532273
2 -191859.358256
2 -191859.358256
2 -191517.956868
2 -191517.956868
2 -191742.10399
2 -191126.987347
2 -191702.168367
2 -191702.166554
2 -191702.166554
2 -191859.358344
2 -191737.459195
2 -191737.459195
2 -191737.459195
2 -191737.459195
2 -191704.971607
2 -191704.971607
2 -191704.971607
2 -191702.168367
2 -191704.971607
2 -191704.971607
2 -191704.971607
2 -191704.971607
2 -191804.676834
2 -191704.971607
2 -191704.971607
2 -191804.676834
2 -191704.971607
2 -191804.676834
2 -191205.131001
2 -191704.971607
2 -191205.131001
2 -191835.668181
2 -191835.668181
2 -191835.668181
3 -179431.124916
3 -179463.376008
3 -179463.376008
3 -178820.774279
3 -178820.774279
3 -178820.774279
3 -179259.26606
3 -179259.26606
3 -179259.26606
3 -179445.112526
3 -179445.112526
3 -178947.392258
3 -179445.112526
3 -178733.258547
3 -178733.258547
3 -178733.258547
3 -179167.982481
3 -179167.982481
3 -179158.048375
3 -178997.142284
3 -178691.640438
3 -178997.142284
3 -179204.886781
3 -179851.114558
3 -178734.455789
3 -179098.172715
3 -179098.172715
3 -178872.394453
3 -179098.172715
3 -178872.394453
3 -178872.394453
3 -178872.394453
3 -178872.394453
3 -179204.886781
3 -178872.394453
3 -178872.394453
3 -178872.394453
3 -178872.394453
3 -179881.776325
3 -178872.394453
3 -179881.776325
3 -178872.394453
3 -179881.776325
3 -179881.776325
3 -179043.261149
3 -178872.394453
3 -179043.261149
3 -179842.091197
3 -179842.091197
3 -179463.376008
4 -167317.931504
4 -168908.759486
4 -168908.759486
4 -167667.035403
4 -167667.035403
4 -168062.535026
4 -168062.535026
4 -168062.535026
4 -168062.535026
4 -167660.3292
4 -167660.3292
4 -167317.931504
4 -168985.981788
4 -168985.981788
4 -168985.981788
4 -169225.70737
4 -169225.70737
4 -169225.70737
4 -166682.367141
4 -169273.645144
4 -167192.265221
4 -168710.959693
4 -167990.647358
4 -167192.265221
4 -168710.959693
4 -167625.993586
4 -168572.1857
4 -168572.1857
4 -168899.728615
4 -168572.1857
4 -168899.728615
4 -168572.1857
4 -168899.728615
4 -167990.647358
4 -168572.1857
4 -168572.1857
4 -168572.1857
4 -168572.1857
4 -168572.1857
4 -168572.1857
4 -168572.1857
4 -168651.742115
4 -168651.742115
4 -168651.742115
4 -168093.091856
4 -168572.1857
4 -168093.091856
4 -169178.155292
4 -169178.155292
4 -168908.759486
5 -158086.757212
5 -157182.722818
5 -157182.722818
5 -159302.714182
5 -159302.714182
5 -157254.875323
5 -157254.875323
5 -157254.875323
5 -157254.875323
5 -157891.311606
5 -157891.311606
5 -158086.757212
5 -158065.617437
5 -158065.617437
5 -158065.617437
5 -157256.919942
5 -157256.919942
5 -157256.919942
5 -158047.433195
5 -157870.046567
5 -156900.529912
5 -156378.120072
5 -157249.874816
5 -158174.283092
5 -156378.120072
5 -157258.471681
5 -157606.149885
5 -158174.283092
5 -157407.923281
5 -157606.149885
5 -157606.149885
5 -157606.149885
5 -157407.923281
5 -157249.874816
5 -157606.149885
5 -157606.149885
5 -157606.149885
5 -157606.149885
5 -157606.149885
5 -157606.149885
5 -157351.216309
5 -157606.149885
5 -157351.216309
5 -157351.216309
5 -158155.822331
5 -157606.149885
5 -158155.822331
5 -156559.092865
5 -156559.092865
5 -157182.722818
6 -147849.681514
6 -148210.598454
6 -148210.598454
6 -147544.35411
6 -147544.35411
6 -148181.49121
6 -148181.49121
6 -148181.49121
6 -148181.49121
6 -146773.741273
6 -146773.741273
6 -147849.681514
6 -148018.911242
6 -148018.911242
6 -148018.911242
6 -147803.82112
6 -147803.82112
6 -149757.339243
6 -147787.650727
6 -147787.650727
6 -148175.845003
6 -148538.042117
6 -148761.192183
6 -147578.881202
6 -147672.962134
6 -149060.031213
6 -149267.144168
6 -147672.962134
6 -148492.06624
6 -148492.06624
6 -149267.144168
6 -148492.06624
6 -148492.06624
6 -148761.192183
6 -148492.06624
6 -148492.06624
6 -148492.06624
6 -148107.091574
6 -148492.06624
6 -148492.06624
6 -148492.06624
6 -148492.06624
6 -148492.06624
6 -148107.091574
6 -148811.093273
6 -148107.091574
6 -148811.093273
6 -148031.193172
6 -148031.193172
6 -148210.598454
7 -139544.050006
7 -139040.378548
7 -139040.378548
7 -139479.415417
7 -139479.415417
7 -138775.738357
7 -138775.738357
7 -138775.738357
7 -138775.738357
7 -139950.551815
7 -139950.551815
7 -139544.050006
7 -138012.188148
7 -138012.188148
7 -138012.188148
7 -137770.0232
7 -137770.0232
7 -139109.409915
7 -139582.730242
7 -138210.460359
7 -138210.460359
7 -138917.784173
7 -139496.488481
7 -138304.172326
7 -141351.093764
7 -141351.093764
7 -141738.531232
7 -141738.531232
7 -141738.531232
7 -141738.531232
7 -139315.662038
7 -139315.662038
7 -139315.662038
7 -139496.488481
7 -139315.662038
7 -139315.662038
7 -139315.662038
7 -139950.377891
7 -139315.662038
7 -139315.662038
7 -139950.377891
7 -139315.662038
7 -139315.662038
7 -139315.662038
7 -139130.657265
7 -139950.377891
7 -139130.657265
7 -139139.069648
7 -139139.069648
7 -139040.378548
8 -130789.851934
8 -129097.722393
8 -129097.722393
8 -129217.091774
8 -129217.091774
8 -131299.446228
8 -131299.446228
8 -131299.446228
8 -130853.211656
8 -130853.211656
8 -130853.211656
8 -130789.851934
8 -129415.914578
8 -129415.914578
8 -129415.914578
8 -129116.30913
8 -129116.30913
8 -133271.521046
8 -129589.412041
8 -133138.272278
8 -133138.272278
8 -129415.690063
8 -130197.34912
8 -129134.80283
8 -130930.955383
8 -130984.42119
8 -133046.403747
8 -130351.638269
8 -132988.014609
8 -130351.638269
8 -130351.638269
8 -130351.638269
8 -130351.638269
8 -130197.34912
8 -130351.638269
8 -130351.638269
8 -130351.638269
8 -133282.344411
8 -130351.638269
8 -130351.638269
8 -133282.344411
8 -130351.638269
8 -130351.638269
8 -130351.638269
8 -129225.996639
8 -133282.344411
8 -129225.996639
8 -130912.662121
8 -130912.662121
8 -129097.722393
9 -125803.467391
9 -121759.423165
9 -122690.017225
9 -122690.017225
9 -122690.017225
9 -122289.012534
9 -122289.012534
9 -122289.012534
9 -122022.016491
9 -122022.016491
9 -122022.016491
9 -125803.467391
9 -124071.810182
9 -124071.810182
9 -124071.810182
9 -124514.295626
9 -124514.295626
9 -122348.725764
9 -122348.725764
9 -124001.131909
9 -124001.131909
9 -121759.404545
9 -122182.895535
9 -121759.404545
9 -125712.489909
9 -124252.626475
9 -125712.489909
9 -126677.375431
9 -124095.147991
9 -124095.147991
9 -124095.147991
9 -124095.147991
9 -124095.147991
9 -125347.106458
9 -124095.147991
9 -124095.147991
9 -124095.147991
9 -122137.130089
9 -124095.147991
9 -124095.147991
9 -122137.130089
9 -124095.147991
9 -122137.130089
9 -122137.130089
9 -125347.106458
9 -122137.130089
9 -124771.602329
9 -124771.602329
9 -124771.602329
9 -121759.423165
