a	b	nSites	J9	J8	J7	J6	J5	J4	J3	J2	J1	rab	Fa	Fb	theta	inbred_relatedness_1_2	inbred_relatedness_2_1	fraternity	identity	zygosity	2of3_IDB	FDiff	loglh	nIter	bestoptimll	coverage	2dsfs	R0	R1	KING	2dsfs_loglike	2dsfsf_niter
0	1	13049	0.935871	0.000000	0.000000	0.064127	0.000000	0.000000	0.000001	0.000000	0.000001	0.000001	0.000002	0.064128	0.000001	0.000001	0.000001	0.000000	0.000001	0.000001	0.032065	-0.032063	-17956.892696	82	-1	0.925658	4.196659e-01,1.484276e-01,3.581466e-02,2.241839e-01,1.105196e-01,2.349265e-02,2.350745e-02,1.005948e-02,4.328785e-03	0.536756	0.237429	-0.012954	-20139.303078	11
0	2	13203	1.000000	0.000000	0.000000	0.000000	0.000000	0.000000	0.000000	0.000000	0.000000	0.000000	0.000000	0.000007	0.000000	0.000000	0.000000	0.000000	0.000000	0.000000	0.000004	-0.000004	-18514.534256	78	-18514.537320	0.936582	3.835923e-01,1.855286e-01,3.544939e-02,2.295305e-01,1.116214e-01,1.609232e-02,2.715243e-02,8.754471e-03,2.278618e-03	0.560841	0.222129	-0.020481	-20625.485496	14
0	3	13059	0.959834	0.000000	0.000000	0.040166	0.000000	0.000000	0.000000	0.000000	0.000000	0.000000	0.000000	0.040166	0.000000	0.000000	0.000000	0.000000	0.000000	0.000000	0.020083	-0.020083	-17926.611388	90	-1	0.926367	4.168449e-01,1.527282e-01,3.479989e-02,2.264250e-01,1.102312e-01,2.159683e-02,2.381759e-02,1.085488e-02,2.701536e-03	0.531768	0.234424	-0.011081	-20128.190716	14
0	4	13167	1.000000	0.000000	0.000000	0.000000	0.000000	0.000000	0.000000	0.000000	0.000000	0.000000	0.000000	0.000002	0.000000	0.000000	0.000000	0.000000	0.000000	0.000000	0.000001	-0.000001	-18521.940913	62	-18521.942902	0.934029	3.704819e-01,2.005645e-01,3.400816e-02,2.257414e-01,1.131314e-01,1.810100e-02,2.715696e-02,8.844004e-03,1.970738e-03	0.540656	0.219922	-0.013537	-20684.067576	11
0	5	13080	1.000000	0.000000	0.000000	0.000000	0.000000	0.000000	0.000000	0.000000	0.000000	0.000001	0.000001	0.000004	0.000000	0.000000	0.000000	0.000000	0.000000	0.000000	0.000003	-0.000002	-18148.590597	70	-18148.595230	0.927857	3.837037e-01,1.874318e-01,3.278355e-02,2.302731e-01,1.129880e-01,1.471050e-02,2.677536e-02,8.943380e-03,2.390552e-03	0.527126	0.225562	-0.009186	-20224.333081	11
0	6	13042	1.000000	0.000000	0.000000	0.000000	0.000000	0.000000	0.000000	0.000000	0.000000	0.000002	0.000002	0.000003	0.000002	0.000002	0.000002	0.000000	0.000002	0.000002	0.000003	-0.000001	-18095.387653	38	-18095.397950	0.925161	3.655405e-01,2.101971e-01,2.844371e-02,2.245937e-01,1.177184e-01,1.538129e-02,2.675975e-02,9.792410e-03,1.573065e-03	0.468945	0.228505	0.010514	-20153.809831	14
0	7	11196	1.000000	0.000000	0.000000	0.000000	0.000000	0.000000	0.000000	0.000000	0.000000	0.000000	0.000000	0.000009	0.000000	0.000000	0.000000	0.000000	0.000000	0.000000	0.000005	-0.000005	-14590.765240	86	-14590.766253	0.794212	4.282043e-01,1.549612e-01,2.495143e-02,1.998490e-01,1.340924e-01,2.141178e-02,1.717786e-02,1.431952e-02,5.032582e-03	0.314181	0.309918	0.075652	-16254.759845	18
0	8	13092	0.962289	0.000000	0.000000	0.037711	0.000000	0.000000	0.000000	0.000000	0.000000	0.000000	0.000000	0.037711	0.000000	0.000000	0.000000	0.000000	0.000000	0.000000	0.018855	-0.018855	-18156.842642	58	-1	0.928708	4.099856e-01,1.598696e-01,3.488370e-02,2.256733e-01,1.109008e-01,2.156421e-02,2.262968e-02,1.119533e-02,3.297720e-03	0.518602	0.233075	-0.006446	-20344.400123	11
0	9	13288	0.000000	0.048370	0.946252	0.000000	0.005378	0.000000	0.000000	0.000000	0.000000	0.974470	0.000000	0.005378	0.487908	0.000000	0.002689	0.946252	0.000000	0.946252	0.975815	0.000000	-11938.510370	154	-1	0.942612	6.091883e-01,3.879163e-03,8.491832e-09,5.908794e-03,3.313310e-01,3.951220e-03,1.963256e-08,9.264282e-04,4.481509e-02	0.000000	22.592340	0.489174	-13082.451196	18
0	10	7660	1.000000	0.000000	0.000000	0.000000	0.000000	0.000000	0.000000	0.000000	0.000000	0.000022	0.000000	0.000000	0.000011	0.000000	0.000000	0.000012	0.000000	0.000012	0.000022	-0.000000	-9491.290116	74	-9491.292200	0.543378	4.348709e-01,1.594473e-01,1.374199e-02,1.872274e-01,1.489530e-01,1.788410e-02,1.466941e-02,1.798249e-02,5.223342e-03	0.190741	0.362458	0.135397	-10527.979790	23
0	11	11080	1.000000	0.000000	0.000000	0.000000	0.000000	0.000000	0.000000	0.000000	0.000000	0.000000	0.000000	0.000132	0.000000	0.000000	0.000000	0.000000	0.000000	0.000000	0.000066	-0.000066	-14354.959489	102	-14354.967443	0.785983	4.349785e-01,1.460971e-01,2.337867e-02,1.965225e-01,1.355554e-01,2.628521e-02,1.694238e-02,1.436007e-02,5.880188e-03	0.297451	0.320019	0.083917	-15992.129875	18
0	12	7349	1.000000	0.000000	0.000000	0.000000	0.000000	0.000000	0.000000	0.000000	0.000000	0.000011	0.000000	0.000000	0.000006	0.000000	0.000000	0.000000	0.000000	0.000000	0.000011	-0.000000	-8992.660557	66	-8992.662809	0.521317	4.211405e-01,1.736374e-01,8.748209e-03,1.819561e-01,1.703474e-01,6.692842e-03,1.463943e-02,2.000448e-02,2.833692e-03	0.137294	0.419907	0.170919	-10051.698725	39
0	13	9397	1.000000	0.000000	0.000000	0.000000	0.000000	0.000000	0.000000	0.000000	0.000000	0.000000	0.000000	0.000006	0.000000	0.000000	0.000000	0.000000	0.000000	0.000000	0.000003	-0.000003	-11775.062917	58	-11775.064765	0.666596	4.135908e-01,1.734428e-01,1.904000e-02,2.097688e-01,1.311899e-01,1.641247e-02,2.132295e-02,1.067861e-02,4.553714e-03	0.307668	0.291103	0.075019	-13222.711318	19
0	14	13092	0.950646	0.000000	0.000000	0.049351	0.000000	0.000000	0.000000	0.000000	0.000003	0.000003	0.000003	0.049354	0.000003	0.000003	0.000003	0.000000	0.000003	0.000003	0.024678	-0.024676	-17973.177605	51	-1	0.928708	4.231816e-01,1.466915e-01,3.424189e-02,2.240040e-01,1.131716e-01,2.110232e-02,2.219422e-02,1.180516e-02,3.607745e-03	0.498677	0.246004	0.000475	-20160.185952	11
0	15	13107	0.935088	0.000000	0.000000	0.064910	0.000000	0.000000	0.000002	0.000000	0.000000	0.000001	0.000002	0.064910	0.000001	0.000001	0.000000	0.000000	0.000000	0.000000	0.032457	-0.032455	-18135.521718	83	-1	0.929772	4.152744e-01,1.517453e-01,3.579874e-02,2.264552e-01,1.091798e-01,2.368194e-02,2.582774e-02,9.086449e-03,2.950370e-03	0.564449	0.231022	-0.022362	-20316.202585	11
1	2	13707	0.934051	0.000000	0.000000	0.000000	0.000000	0.065781	0.000000	0.000167	0.000001	0.000001	0.065949	0.000168	0.000001	0.000001	0.000001	0.000167	0.000001	0.000168	0.033059	0.032891	-19283.955173	74	-1	0.972335	4.501604e-01,1.848512e-01,3.214611e-02,1.508260e-01,1.026621e-01,1.516350e-02,3.563783e-02,2.262543e-02,5.927413e-03	0.660263	0.232662	-0.056853	-21754.403688	10
1	3	13547	0.903053	0.000164	0.028947	0.000005	0.000000	0.018071	0.000000	0.049759	0.000000	0.029029	0.067831	0.049765	0.014514	0.000000	0.000000	0.078706	0.000000	0.078706	0.087826	0.009033	-18580.977129	94	-1	0.960985	4.950337e-01,1.435269e-01,2.974788e-02,1.379903e-01,1.079148e-01,2.249673e-02,3.340477e-02,2.265941e-02,7.225453e-03	0.585209	0.276828	-0.033899	-20989.644890	10
1	4	13665	0.935278	0.000000	0.000000	0.000000	0.000000	0.064719	0.000000	0.000001	0.000002	0.000002	0.064722	0.000003	0.000002	0.000002	0.000002	0.000001	0.000002	0.000003	0.032363	0.032360	-19291.787028	46	-1	0.969355	4.378183e-01,1.970934e-01,3.267547e-02,1.465367e-01,1.067672e-01,1.562727e-02,3.731264e-02,2.095151e-02,5.217529e-03	0.655521	0.237157	-0.055932	-21817.418861	9
1	5	13586	0.935766	0.000000	0.000000	0.000000	0.000000	0.064230	0.000000	0.000001	0.000003	0.000003	0.064233	0.000004	0.000003	0.000003	0.000003	0.000001	0.000003	0.000004	0.032119	0.032115	-18899.742179	42	-1	0.963751	4.509160e-01,1.861848e-01,3.058618e-02,1.515081e-01,1.029773e-01,1.420604e-02,3.567886e-02,2.261876e-02,5.323948e-03	0.643492	0.233624	-0.050912	-21330.542979	10
1	6	13526	0.937253	0.000000	0.000000	0.000000	0.000000	0.062747	0.000000	0.000000	0.000000	0.000000	0.062747	0.000000	0.000000	0.000000	0.000000	0.000000	0.000000	0.000000	0.031374	0.031374	-18772.175727	62	-1	0.959495	4.334642e-01,2.076252e-01,2.712009e-02,1.456552e-01,1.092266e-01,1.379628e-02,3.602265e-02,2.269513e-02,4.394669e-03	0.578090	0.241164	-0.028047	-21202.780409	10
1	7	11565	0.947346	0.000000	0.000000	0.000001	0.000000	0.037739	0.000000	0.014914	0.000000	0.000000	0.052654	0.014915	0.000000	0.000000	0.000000	0.014914	0.000000	0.014915	0.033784	0.018869	-15122.303624	114	-1	0.820387	4.601567e-01,1.734715e-01,2.977436e-02,1.501023e-01,1.076802e-01,1.552461e-02,3.446504e-02,2.141686e-02,7.408355e-03	0.596576	0.253512	-0.036116	-17159.955540	18
1	8	13604	0.937255	0.000001	0.000007	0.000000	0.000000	0.016747	0.000000	0.045990	0.000000	0.000007	0.062737	0.045990	0.000004	0.000000	0.000000	0.045997	0.000000	0.045997	0.054371	0.008374	-18928.029384	90	-1	0.965028	4.778966e-01,1.567053e-01,3.209789e-02,1.461174e-01,1.045201e-01,1.939060e-02,3.213346e-02,2.334152e-02,7.797146e-03	0.614536	0.255060	-0.043171	-21385.387763	10
1	9	13688	0.933951	0.000000	0.000000	0.000000	0.000002	0.066046	0.000000	0.000001	0.000001	0.000002	0.066047	0.000003	0.000002	0.000001	0.000002	0.000001	0.000001	0.000001	0.033026	0.033023	-19453.050687	82	-1	0.970987	4.279230e-01,2.084743e-01,3.160909e-02,1.510266e-01,1.026002e-01,1.486640e-02,3.655344e-02,2.263960e-02,4.307474e-03	0.664351	0.220565	-0.056002	-21889.601455	10
1	10	7842	0.957953	0.000003	0.000000	0.000000	0.000000	0.042042	0.000000	0.000002	0.000000	0.000001	0.042044	0.000003	0.000001	0.000000	0.000000	0.000003	0.000000	0.000003	0.021025	0.021021	-9555.038522	78	-1	0.556289	4.619692e-01,1.901449e-01,2.056361e-02,1.478014e-01,1.081483e-01,1.122681e-02,2.693032e-02,2.768244e-02,5.533189e-03	0.439156	0.254857	0.022187	-10896.333576	22
1	11	11412	0.947505	0.000000	0.000000	0.000011	0.000000	0.035977	0.000000	0.016506	0.000001	0.000001	0.052484	0.016517	0.000001	0.000001	0.000001	0.016506	0.000001	0.016507	0.034501	0.017983	-14726.944609	82	-1	0.809534	4.673237e-01,1.698260e-01,3.269656e-02,1.476718e-01,1.053609e-01,1.659911e-02,3.175082e-02,2.189244e-02,6.878631e-03	0.611682	0.250599	-0.041527	-16757.866700	18
1	12	7514	0.950316	0.000027	0.000000	0.000000	0.000000	0.049657	0.000000	0.000000	0.000000	0.000014	0.049658	0.000000	0.000007	0.000000	0.000000	0.000000	0.000000	0.000000	0.024842	0.024829	-9159.668469	62	-1	0.533021	4.528617e-01,2.089285e-01,8.041005e-03,1.382270e-01,1.243851e-01,8.296335e-03,2.526611e-02,3.085504e-02,3.139118e-03	0.267774	0.296427	0.090967	-10377.346407	26
1	13	9689	0.939327	0.000000	0.001985	0.000000	0.000000	0.058683	0.000000	0.000000	0.000005	0.001990	0.058688	0.000005	0.000997	0.000005	0.000005	0.001985	0.000005	0.001990	0.031332	0.029342	-12090.403311	150	-1	0.687309	4.762406e-01,1.724629e-01,1.945927e-02,1.368990e-01,1.176347e-01,1.452503e-02,3.020051e-02,2.611149e-02,6.466488e-03	0.422152	0.294338	0.031294	-13752.351629	21
1	14	13581	0.936408	0.000000	0.000000	0.000000	0.000000	0.006533	0.000000	0.057059	0.000000	0.000000	0.063592	0.057059	0.000000	0.000000	0.000000	0.057059	0.000000	0.057059	0.060325	0.003266	-18707.254491	94	-1	0.963396	4.849664e-01,1.519742e-01,3.029910e-02,1.468304e-01,1.015182e-01,2.112699e-02,3.619114e-02,1.986973e-02,7.223730e-03	0.654959	0.249865	-0.057959	-21179.443529	10
1	15	13608	0.930739	0.000002	0.000001	0.000009	0.000000	0.000138	0.000000	0.069111	0.000000	0.000002	0.069249	0.069120	0.000001	0.000000	0.000000	0.069112	0.000000	0.069112	0.069186	0.000065	-18837.932362	78	-1	0.965312	4.861762e-01,1.481040e-01,3.373071e-02,1.474733e-01,1.010699e-01,2.064386e-02,3.389793e-02,2.172077e-02,7.183333e-03	0.669128	0.249204	-0.063300	-21267.276735	10
2	3	13717	0.956341	0.000000	0.000000	0.043633	0.000000	0.000002	0.000000	0.000025	0.000000	0.000000	0.000026	0.043658	0.000000	0.000000	0.000000	0.000025	0.000000	0.000025	0.021842	-0.021816	-19257.601799	54	-1	0.973044	4.495440e-01,1.542686e-01,3.460661e-02,1.852449e-01,1.021746e-01,2.212722e-02,3.134885e-02,1.717180e-02,3.513391e-03	0.645517	0.229726	-0.050991	-21761.179829	10
2	4	13831	1.000000	0.000000	0.000000	0.000000	0.000000	0.000000	0.000000	0.000000	0.000000	0.000000	0.000002	0.000000	0.000000	0.000000	0.000000	0.000000	0.000000	0.000000	0.000001	0.000001	-19977.434532	74	-19977.435814	0.981131	3.958880e-01,2.066020e-01,3.436699e-02,1.919385e-01,1.010068e-01,1.648053e-02,3.427367e-02,1.616658e-02,3.276908e-03	0.679565	0.202083	-0.057288	-22478.934007	9
2	5	13832	0.000000	0.020266	0.979563	0.000000	0.000170	0.000000	0.000000	0.000000	0.000000	0.989824	0.000000	0.000170	0.494933	0.000000	0.000085	0.979563	0.000000	0.979563	0.989867	0.000000	-11137.938592	74	-1	0.981202	6.358187e-01,2.091673e-03,9.439587e-11,2.116960e-03,3.056359e-01,7.641308e-04,3.977209e-14,8.036829e-04,5.276889e-02	0.000000	52.910717	0.495319	-12382.158118	14
2	6	13691	1.000000	0.000000	0.000000	0.000000	0.000000	0.000000	0.000000	0.000000	0.000000	0.000001	0.000012	0.000001	0.000001	0.000000	0.000001	0.000000	0.000000	0.000000	0.000007	0.000006	-19450.801331	82	-19450.812065	0.971200	3.919883e-01,2.159253e-01,2.924548e-02,1.893252e-01,1.071755e-01,1.311221e-02,3.394685e-02,1.617882e-02,3.102415e-03	0.589616	0.215327	-0.029603	-21826.825694	10
2	7	11700	1.000000	0.000000	0.000000	0.000000	0.000000	0.000000	0.000000	0.000000	0.000000	0.000001	0.000001	0.000091	0.000001	0.000001	0.000001	0.000000	0.000001	0.000001	0.000046	-0.000045	-15646.507862	121	-15646.515989	0.829964	4.209759e-01,1.837326e-01,3.390807e-02,1.891083e-01,1.027697e-01,1.543013e-02,3.426233e-02,1.558366e-02,4.229203e-03	0.663332	0.217721	-0.055089	-17657.264367	18
2	8	13762	0.965210	0.000000	0.000000	0.034789	0.000000	0.000000	0.000000	0.000000	0.000000	0.000001	0.000001	0.034790	0.000000	0.000000	0.000000	0.000000	0.000000	0.000000	0.017395	-0.017395	-19598.756805	78	-1	0.976236	4.335513e-01,1.678317e-01,3.499654e-02,1.890598e-01,1.016833e-01,1.962015e-02,3.412982e-02,1.405961e-02,5.067810e-03	0.679820	0.221196	-0.061571	-22100.785430	9
2	9	13856	1.000000	0.000000	0.000000	0.000000	0.000000	0.000000	0.000000	0.000000	0.000000	0.000000	0.000006	0.000000	0.000000	0.000000	0.000000	0.000000	0.000000	0.000000	0.000003	0.000003	-20092.434360	74	-20092.437293	0.982904	3.893744e-01,2.134180e-01,3.482858e-02,1.911479e-01,1.050456e-01,1.285790e-02,3.560021e-02,1.451118e-02,3.216224e-03	0.670459	0.209103	-0.055780	-22473.845203	7
2	10	7912	1.000000	0.000000	0.000000	0.000000	0.000000	0.000000	0.000000	0.000000	0.000000	0.000001	0.000002	0.000015	0.000001	0.000001	0.000001	0.000000	0.000001	0.000001	0.000008	-0.000007	-9956.055598	98	-9956.060413	0.561254	4.183776e-01,1.962716e-01,2.718743e-02,1.843729e-01,1.110944e-01,9.457012e-03,3.425230e-02,1.696647e-02,2.020284e-03	0.553041	0.237124	-0.018729	-11242.474240	22
2	11	11551	1.000000	0.000000	0.000000	0.000000	0.000000	0.000000	0.000000	0.000000	0.000000	0.000001	0.000000	0.000098	0.000001	0.000000	0.000001	0.000000	0.000000	0.000001	0.000050	-0.000048	-15295.662109	122	-15295.670605	0.819394	4.279157e-01,1.742095e-01,3.747989e-02,1.859793e-01,1.059870e-01,1.543157e-02,3.322275e-02,1.680746e-02,2.966817e-03	0.667088	0.228849	-0.058601	-17282.335595	18
2	12	7584	1.000000	0.000000	0.000000	0.000000	0.000000	0.000000	0.000000	0.000000	0.000000	0.000003	0.000006	0.000003	0.000002	0.000000	0.000001	0.000000	0.000000	0.000000	0.000007	0.000003	-9459.529417	110	-9459.534455	0.537987	4.135070e-01,2.147078e-01,1.558307e-02,1.729672e-01,1.295095e-01,2.425962e-03,2.884491e-02,2.085941e-02,1.595164e-03	0.343048	0.284394	0.060679	-10670.990653	38
2	13	9793	1.000000	0.000000	0.000000	0.000000	0.000000	0.000000	0.000000	0.000000	0.000000	0.000003	0.000008	0.000014	0.000003	0.000003	0.000003	0.000000	0.000003	0.000003	0.000011	-0.000003	-12539.534245	83	-12539.543396	0.694687	4.351949e-01,1.809356e-01,2.415178e-02,1.788501e-01,1.139564e-01,1.215700e-02,3.018119e-02,2.017625e-02,4.396882e-03	0.476788	0.255249	0.008533	-14225.916626	18
2	14	13742	0.954963	0.000000	0.000000	0.044865	0.000000	0.000000	0.000000	0.000172	0.000000	0.000001	0.000173	0.045037	0.000001	0.000001	0.000000	0.000172	0.000000	0.000173	0.022605	-0.022432	-19356.959905	90	-1	0.974817	4.443109e-01,1.574627e-01,3.441135e-02,1.897654e-01,1.014707e-01,1.924397e-02,3.340415e-02,1.463514e-02,5.295741e-03	0.668326	0.226031	-0.058489	-21890.359657	7
2	15	13769	0.932207	0.000000	0.000000	0.067786	0.000000	0.000000	0.000000	0.000007	0.000000	0.000000	0.000007	0.067793	0.000000	0.000000	0.000000	0.000007	0.000000	0.000007	0.033900	-0.033893	-19519.488698	78	-1	0.976733	4.481837e-01,1.527698e-01,3.588002e-02,1.877144e-01,1.010364e-01,2.174581e-02,3.146508e-02,1.586313e-02,5.341669e-03	0.666543	0.226825	-0.058007	-21972.995451	6
3	4	13677	0.958788	0.000000	0.000000	0.000000	0.000000	0.041209	0.000000	0.000000	0.000003	0.000003	0.041212	0.000003	0.000003	0.000003	0.000003	0.000000	0.000003	0.000003	0.020607	0.020604	-19334.848960	70	-1	0.970206	4.370005e-01,1.973881e-01,3.075970e-02,1.510637e-01,1.068936e-01,1.660934e-02,3.307116e-02,2.109544e-02,6.118519e-03	0.597144	0.237548	-0.034617	-21898.864210	10
3	5	13597	0.957121	0.000000	0.000000	0.000000	0.000000	0.042878	0.000000	0.000001	0.000000	0.000000	0.042879	0.000001	0.000000	0.000000	0.000000	0.000001	0.000000	0.000001	0.021440	0.021439	-18894.322856	62	-1	0.964531	4.494572e-01,1.867836e-01,2.908310e-02,1.561111e-01,1.017319e-01,1.646215e-02,3.441533e-02,2.254980e-02,3.405786e-03	0.624174	0.228403	-0.043161	-21357.560477	10
3	6	13541	0.956929	0.000000	0.000000	0.000000	0.000000	0.043071	0.000000	0.000000	0.000000	0.000000	0.043071	0.000000	0.000000	0.000000	0.000000	0.000000	0.000000	0.000000	0.021536	0.021536	-18814.151654	66	-1	0.960559	4.321799e-01,2.089252e-01,2.524275e-02,1.504925e-01,1.087577e-01,1.413564e-02,3.229218e-02,2.267505e-02,5.299138e-03	0.529020	0.239679	-0.010285	-21265.930219	10
3	7	11563	0.958926	0.000000	0.000000	0.000000	0.000000	0.026101	0.000000	0.014972	0.000000	0.000000	0.041073	0.014973	0.000000	0.000000	0.000000	0.014972	0.000000	0.014972	0.028023	0.013050	-15101.016686	78	-1	0.820245	4.641068e-01,1.724905e-01,2.986695e-02,1.471138e-01,1.087162e-01,1.755849e-02,3.286490e-02,2.129379e-02,5.988481e-03	0.577024	0.258118	-0.029081	-17134.944210	15
3	8	13610	0.955719	0.000000	0.000000	0.000000	0.000000	0.001566	0.000000	0.042715	0.000000	0.000001	0.044281	0.042715	0.000000	0.000000	0.000000	0.042715	0.000000	0.042715	0.043498	0.000783	-18925.640277	98	-1	0.965454	4.781748e-01,1.558410e-01,3.100084e-02,1.472723e-01,1.067035e-01,2.046761e-02,3.031739e-02,2.272151e-02,7.501069e-03	0.574660	0.261772	-0.028466	-21389.370514	10
3	9	13701	0.957964	0.000000	0.000000	0.000000	0.000000	0.042036	0.000000	0.000000	0.000000	0.000000	0.042036	0.000000	0.000000	0.000000	0.000000	0.000000	0.000000	0.000000	0.021018	0.021018	-19446.490111	86	-1	0.971909	4.265478e-01,2.077277e-01,3.140456e-02,1.545895e-01,1.049710e-01,1.464998e-02,3.544406e-02,2.045740e-02,4.207922e-03	0.636829	0.226097	-0.047296	-21923.240033	7
3	10	7853	0.971297	0.000019	0.000005	0.000000	0.000000	0.028674	0.000000	0.000000	0.000004	0.000018	0.028679	0.000005	0.000011	0.000004	0.000004	0.000005	0.000004	0.000009	0.014356	0.014337	-9588.393245	78	-1	0.557069	4.660253e-01,1.852233e-01,1.818178e-02,1.398795e-01,1.197082e-01,1.511237e-02,3.057506e-02,1.977261e-02,5.521830e-03	0.407297	0.292868	0.037028	-10906.292876	22
3	11	11432	0.963521	0.000000	0.000000	0.000000	0.000000	0.026210	0.000000	0.010268	0.000001	0.000001	0.036479	0.010270	0.000001	0.000001	0.000001	0.010268	0.000001	0.010269	0.023374	0.013105	-14808.794794	114	-1	0.810953	4.658464e-01,1.682092e-01,3.334920e-02,1.488161e-01,1.070228e-01,1.825518e-02,3.183935e-02,2.252685e-02,4.134861e-03	0.609109	0.253011	-0.040840	-16803.688789	18
3	12	7503	0.973362	0.000044	0.000000	0.000000	0.000000	0.026593	0.000000	0.000000	0.000000	0.000023	0.026594	0.000000	0.000011	0.000000	0.000000	0.000000	0.000000	0.000001	0.013319	0.013297	-9189.853226	66	-1	0.532241	4.537596e-01,1.987038e-01,1.116125e-02,1.397136e-01,1.340670e-01,4.559109e-03,2.413738e-02,2.908156e-02,4.816779e-03	0.263291	0.329114	0.099142	-10432.219977	30
3	13	9704	0.969990	0.000000	0.001542	0.000000	0.000002	0.028464	0.000000	0.000000	0.000000	0.001545	0.028465	0.000003	0.000773	0.000000	0.000001	0.001542	0.000000	0.001543	0.015777	0.014232	-12119.252709	98	-1	0.688373	4.725031e-01,1.705379e-01,2.048433e-02,1.430627e-01,1.221784e-01,1.287095e-02,2.690811e-02,2.518115e-02,6.273308e-03	0.387895	0.306177	0.045962	-13797.033316	25
3	14	13592	0.950214	0.000000	0.000001	0.000016	0.000000	0.000009	0.000000	0.049760	0.000000	0.000001	0.049769	0.049777	0.000000	0.000000	0.000000	0.049761	0.000000	0.049761	0.049774	-0.000004	-18713.835298	110	-1	0.964177	4.832996e-01,1.510357e-01,3.121327e-02,1.538822e-01,1.014306e-01,1.915360e-02,3.062548e-02,2.093735e-02,8.422267e-03	0.609666	0.249309	-0.040606	-21229.358273	10
3	15	13621	0.917781	0.000035	0.015236	0.009650	0.000000	0.000001	0.000000	0.057296	0.000000	0.015254	0.057297	0.066947	0.007627	0.000000	0.000000	0.072532	0.000000	0.072532	0.077375	-0.004825	-18903.871898	90	-1	0.966234	4.905967e-01,1.401768e-01,3.465850e-02,1.455504e-01,1.075201e-01,2.129935e-02,3.157233e-02,2.193531e-02,6.690477e-03	0.615985	0.272070	-0.045848	-21310.949759	9
4	5	13706	1.000000	0.000000	0.000000	0.000000	0.000000	0.000000	0.000000	0.000000	0.000000	0.000000	0.000000	0.000011	0.000000	0.000000	0.000000	0.000000	0.000000	0.000000	0.000006	-0.000005	-19569.574701	66	-19569.582759	0.972264	3.966543e-01,1.927105e-01,3.236511e-02,2.079811e-01,1.010254e-01,1.542318e-02,3.391504e-02,1.700150e-02,2.923997e-03	0.656074	0.202295	-0.049648	-22027.177076	10
4	6	13764	0.000000	0.042005	0.957899	0.000000	0.000004	0.000000	0.000091	0.000000	0.000000	0.978974	0.000092	0.000004	0.489499	0.000046	0.000002	0.957899	0.000000	0.957899	0.978997	0.000000	-11790.290117	190	-1	0.976378	6.157276e-01,4.470765e-03,7.983407e-08,4.765210e-03,3.201329e-01,3.862659e-04,1.139538e-09,2.247338e-03,5.226983e-02	0.000000	26.970686	0.490899	-13076.766712	14
4	7	11658	1.000000	0.000000	0.000000	0.000000	0.000000	0.000000	0.000000	0.000000	0.000000	0.000000	0.000000	0.000043	0.000000	0.000000	0.000000	0.000000	0.000000	0.000000	0.000022	-0.000022	-15595.576155	114	-15595.578891	0.826984	4.185263e-01,1.711941e-01,3.340472e-02,1.980622e-01,1.111389e-01,1.550313e-02,2.751250e-02,1.992909e-02,4.728990e-03	0.548118	0.238698	-0.017059	-17596.610613	14
4	8	13732	0.968431	0.000000	0.000000	0.031541	0.000000	0.000000	0.000000	0.000027	0.000000	0.000000	0.000028	0.031569	0.000000	0.000000	0.000000	0.000027	0.000000	0.000028	0.015798	-0.015770	-19630.661242	58	-1	0.974108	4.313113e-01,1.562681e-01,3.407987e-02,1.938593e-01,1.106011e-01,2.005546e-02,3.115929e-02,1.759611e-02,5.069474e-03	0.589860	0.244143	-0.032640	-22150.972967	9
4	9	13819	1.000000	0.000000	0.000000	0.000000	0.000000	0.000000	0.000000	0.000000	0.000000	0.000001	0.000002	0.000003	0.000001	0.000001	0.000001	0.000000	0.000001	0.000001	0.000002	-0.000000	-20104.924307	58	-20104.932129	0.980279	3.773874e-01,2.098013e-01,3.524240e-02,2.047040e-01,1.065919e-01,1.259274e-02,3.420114e-02,1.653853e-02,2.940605e-03	0.651490	0.207749	-0.049169	-22535.499406	9
4	10	7900	1.000000	0.000000	0.000000	0.000000	0.000000	0.000000	0.000000	0.000000	0.000000	0.000000	0.000000	0.000010	0.000000	0.000000	0.000000	0.000000	0.000000	0.000000	0.000005	-0.000005	-9929.585029	106	-9929.587233	0.560403	4.197186e-01,1.796193e-01,2.569554e-02,1.889573e-01,1.256979e-01,1.074996e-02,2.922147e-02,1.798799e-02,2.351878e-03	0.436897	0.277950	0.024455	-11237.144992	23
4	11	11510	1.000000	0.000000	0.000000	0.000000	0.000000	0.000000	0.000000	0.000000	0.000000	0.000001	0.000001	0.000093	0.000001	0.000001	0.000001	0.000000	0.000001	0.000001	0.000047	-0.000046	-15280.678096	150	-15280.684379	0.816486	4.218822e-01,1.691845e-01,3.282477e-02,1.947914e-01,1.109066e-01,1.901070e-02,2.986409e-02,1.700192e-02,4.533782e-03	0.565240	0.239706	-0.023273	-17288.408217	17
4	12	7550	1.000000	0.000000	0.000000	0.000000	0.000000	0.000000	0.000000	0.000000	0.000000	0.000001	0.000002	0.000005	0.000001	0.000000	0.000000	0.000001	0.000000	0.000001	0.000004	-0.000002	-9442.601627	94	-9442.604968	0.535575	4.029947e-01,2.139338e-01,9.762012e-03,1.852922e-01,1.328433e-01,5.324487e-03,2.780359e-02,1.860485e-02,3.441112e-03	0.282781	0.288338	0.083781	-10663.947743	25
4	13	9756	1.000000	0.000000	0.000000	0.000000	0.000000	0.000000	0.000000	0.000000	0.000000	0.000001	0.000001	0.000021	0.000001	0.000001	0.000001	0.000000	0.000001	0.000001	0.000011	-0.000010	-12463.672575	83	-12463.680722	0.692062	4.276952e-01,1.769039e-01,2.278981e-02,1.867786e-01,1.220176e-01,1.357116e-02,2.821776e-02,1.689508e-02,5.130918e-03	0.418035	0.274101	0.031343	-14165.179387	19
4	14	13710	0.953397	0.000000	0.000000	0.046603	0.000000	0.000000	0.000000	0.000000	0.000000	0.000000	0.000000	0.046603	0.000000	0.000000	0.000000	0.000000	0.000000	0.000000	0.023302	-0.023301	-19414.541444	58	-1	0.972547	4.388454e-01,1.504313e-01,3.249339e-02,1.992590e-01,1.043772e-01,2.049752e-02,2.956879e-02,1.843006e-02,6.097287e-03	0.594595	0.231599	-0.033057	-21947.095216	9
4	15	13741	0.932485	0.000000	0.000000	0.067514	0.000000	0.000000	0.000000	0.000000	0.000000	0.000000	0.000001	0.067515	0.000000	0.000000	0.000000	0.000000	0.000000	0.000001	0.033758	-0.033757	-19577.377989	42	-1	0.974746	4.391874e-01,1.468025e-01,3.662591e-02,1.973856e-01,1.053040e-01,2.103395e-02,3.077749e-02,1.747851e-02,5.404588e-03	0.640084	0.233955	-0.049726	-22090.422131	9
5	6	13575	1.000000	0.000000	0.000000	0.000000	0.000000	0.000000	0.000000	0.000000	0.000000	0.000000	0.000005	0.000000	0.000000	0.000000	0.000000	0.000000	0.000000	0.000000	0.000002	0.000002	-19083.195394	74	-19083.198823	0.962971	3.938959e-01,2.156774e-01,2.900686e-02,1.890616e-01,1.086388e-01,1.339021e-02,3.231816e-02,1.500311e-02,3.007993e-03	0.564486	0.219713	-0.021542	-21412.794812	11
5	7	11589	1.000000	0.000000	0.000000	0.000000	0.000000	0.000000	0.000000	0.000000	0.000000	0.000000	0.000000	0.000029	0.000000	0.000000	0.000000	0.000000	0.000000	0.000000	0.000015	-0.000015	-15289.883780	106	-15289.886419	0.822090	4.224262e-01,1.851079e-01,3.367912e-02,1.908412e-01,1.031507e-01,1.525535e-02,3.126576e-02,1.430965e-02,3.964047e-03	0.629611	0.219256	-0.043704	-17259.623833	18
5	8	13633	0.964951	0.000000	0.000000	0.035044	0.000000	0.000000	0.000000	0.000006	0.000000	0.000000	0.000006	0.035049	0.000000	0.000000	0.000000	0.000006	0.000000	0.000006	0.017527	-0.017522	-19189.115962	82	-1	0.967085	4.335427e-01,1.690933e-01,3.519886e-02,1.910738e-01,1.010019e-01,1.993815e-02,3.232191e-02,1.337757e-02,4.451824e-03	0.668510	0.219091	-0.057163	-21649.944448	10
5	9	13726	1.000000	0.000000	0.000000	0.000000	0.000000	0.000000	0.000000	0.000000	0.000000	0.000000	0.000007	0.000000	0.000000	0.000000	0.000000	0.000000	0.000000	0.000000	0.000004	0.000004	-19693.982373	66	-19693.987464	0.973682	3.888488e-01,2.151173e-01,3.524179e-02,1.931911e-01,1.047012e-01,1.241462e-02,3.356816e-02,1.349244e-02,3.424627e-03	0.657203	0.208143	-0.051146	-22024.005571	10
5	10	7851	1.000000	0.000000	0.000000	0.000000	0.000000	0.000000	0.000000	0.000000	0.000000	0.000000	0.000000	0.000011	0.000000	0.000000	0.000000	0.000000	0.000000	0.000000	0.000006	-0.000005	-9806.659693	46	-9806.662194	0.556927	4.190114e-01,1.967763e-01,2.737566e-02,1.865863e-01,1.118314e-01,8.950008e-03,3.181028e-02,1.540014e-02,2.258447e-03	0.529243	0.239520	-0.010359	-11060.933509	22
5	11	11455	1.000000	0.000000	0.000000	0.000000	0.000000	0.000000	0.000000	0.000000	0.000000	0.000000	0.000000	0.000084	0.000000	0.000000	0.000000	0.000000	0.000000	0.000000	0.000042	-0.000042	-15026.361870	134	-15026.368050	0.812584	4.292125e-01,1.731110e-01,3.750838e-02,1.869616e-01,1.081522e-01,1.499882e-02,3.095453e-02,1.593904e-02,3.161835e-03	0.633024	0.235383	-0.047378	-16976.909118	18
5	12	7518	1.000000	0.000000	0.000000	0.000000	0.000000	0.000000	0.000000	0.000000	0.000000	0.000001	0.000000	0.000002	0.000000	0.000000	0.000000	0.000000	0.000000	0.000000	0.000002	-0.000001	-9313.866740	130	-9313.868076	0.533305	4.140850e-01,2.145959e-01,1.609612e-02,1.759021e-01,1.299474e-01,2.288940e-03,2.519508e-02,1.994048e-02,1.949053e-03	0.317753	0.286216	0.070418	-10498.921792	34
5	13	9717	1.000000	0.000000	0.000000	0.000000	0.000000	0.000000	0.000000	0.000000	0.000000	0.000002	0.000002	0.000009	0.000002	0.000002	0.000002	0.000000	0.000002	0.000002	0.000006	-0.000003	-12308.120495	82	-12308.126012	0.689296	4.342399e-01,1.821674e-01,2.417093e-02,1.826094e-01,1.128975e-01,1.256777e-02,2.793486e-02,1.940553e-02,4.006733e-03	0.461532	0.251523	0.013952	-13967.552854	22
5	14	13615	0.956616	0.000000	0.000000	0.043351	0.000000	0.000000	0.000000	0.000031	0.000002	0.000002	0.000033	0.043384	0.000002	0.000002	0.000002	0.000031	0.000002	0.000033	0.021709	-0.021675	-18976.214104	70	-1	0.965808	4.436616e-01,1.590836e-01,3.497861e-02,1.917715e-01,1.010257e-01,1.878476e-02,3.145145e-02,1.419363e-02,5.049100e-03	0.657556	0.224370	-0.054336	-21470.179115	10
5	15	13643	0.933633	0.000000	0.000000	0.066366	0.000000	0.000000	0.000000	0.000001	0.000000	0.000000	0.000001	0.066367	0.000000	0.000000	0.000000	0.000001	0.000000	0.000001	0.033184	-0.033183	-19142.429854	50	-1	0.967795	4.484066e-01,1.539341e-01,3.583496e-02,1.880988e-01,1.016593e-01,2.216904e-02,3.040457e-02,1.472594e-02,4.766708e-03	0.651584	0.228362	-0.052933	-21556.105693	10
6	7	11550	1.000000	0.000000	0.000000	0.000000	0.000000	0.000000	0.000000	0.000000	0.000000	0.000001	0.000001	0.000066	0.000000	0.000000	0.000000	0.000000	0.000000	0.000001	0.000034	-0.000032	-15193.778769	126	-15193.785219	0.819323	4.160048e-01,1.688850e-01,3.284088e-02,2.069196e-01,1.160628e-01,1.642625e-02,2.234495e-02,1.653790e-02,3.977861e-03	0.475482	0.250160	0.008880	-17098.046497	15
6	8	13587	0.967737	0.000000	0.000000	0.032263	0.000000	0.000000	0.000000	0.000000	0.000000	0.000000	0.000000	0.032263	0.000000	0.000000	0.000000	0.000000	0.000000	0.000000	0.016131	-0.016131	-19088.743933	66	-1	0.963822	4.274273e-01,1.538227e-01,3.432782e-02,2.034868e-01,1.154790e-01,2.034182e-02,2.677067e-02,1.417463e-02,4.169258e-03	0.529087	0.254963	-0.010787	-21490.967276	10
6	9	13676	1.000000	0.000000	0.000000	0.000000	0.000000	0.000000	0.000000	0.000000	0.000000	0.000001	0.000000	0.000002	0.000001	0.000000	0.000000	0.000000	0.000000	0.000000	0.000002	-0.000001	-19582.565181	62	-19582.569918	0.970135	3.707452e-01,2.098993e-01,3.499791e-02,2.156685e-01,1.100723e-01,1.349668e-02,2.898330e-02,1.381919e-02,2.317587e-03	0.581265	0.212961	-0.026581	-21894.087001	10
6	10	7841	1.000000	0.000000	0.000000	0.000000	0.000000	0.000000	0.000000	0.000000	0.000000	0.000000	0.000000	0.000010	0.000000	0.000000	0.000000	0.000000	0.000000	0.000000	0.000005	-0.000005	-9680.656619	118	-9680.659166	0.556218	4.166544e-01,1.786924e-01,2.560462e-02,1.976143e-01,1.294122e-01,1.087630e-02,2.397763e-02,1.516405e-02,2.004194e-03	0.383134	0.286355	0.045749	-10932.820883	22
6	11	11402	1.000000	0.000000	0.000000	0.000000	0.000000	0.000000	0.000000	0.000000	0.000000	0.000000	0.000001	0.000134	0.000000	0.000000	0.000000	0.000000	0.000000	0.000000	0.000068	-0.000066	-14882.077095	154	-14882.085829	0.808825	4.189574e-01,1.683795e-01,3.158513e-02,2.044895e-01,1.136021e-01,2.083219e-02,2.467025e-02,1.410122e-02,3.382793e-03	0.495197	0.244802	0.001719	-16788.526041	18
6	12	7494	1.000000	0.000000	0.000000	0.000000	0.000000	0.000000	0.000000	0.000000	0.000000	0.000002	0.000001	0.000009	0.000001	0.000001	0.000001	0.000000	0.000001	0.000001	0.000006	-0.000004	-9263.182665	74	-9263.187809	0.531602	4.016903e-01,2.116268e-01,8.571057e-03,1.914215e-01,1.375287e-01,7.318195e-03,2.224479e-02,1.712559e-02,2.472968e-03	0.224068	0.300079	0.108031	-10430.107160	38
6	13	9681	1.000000	0.000000	0.000000	0.000000	0.000000	0.000000	0.000000	0.000000	0.000000	0.000000	0.000000	0.000009	0.000000	0.000000	0.000000	0.000000	0.000000	0.000000	0.000005	-0.000004	-12168.761724	82	-12168.764690	0.686742	4.274278e-01,1.727624e-01,2.221060e-02,1.913648e-01,1.296107e-01,1.417863e-02,2.423195e-02,1.349858e-02,4.714414e-03	0.358323	0.295748	0.056412	-13786.300980	21
6	14	13563	0.955308	0.000000	0.000000	0.044689	0.000000	0.000000	0.000000	0.000000	0.000002	0.000002	0.000003	0.044692	0.000002	0.000002	0.000002	0.000000	0.000002	0.000002	0.022347	-0.022345	-18881.825666	74	-1	0.962120	4.327290e-01,1.497956e-01,3.226053e-02,2.108526e-01,1.079026e-01,2.097637e-02,2.457585e-02,1.598698e-02,4.920385e-03	0.526738	0.237437	-0.009407	-21297.690622	10
6	15	13598	0.932226	0.000000	0.000000	0.067774	0.000000	0.000000	0.000000	0.000000	0.000000	0.000000	0.000000	0.067774	0.000000	0.000000	0.000000	0.000000	0.000000	0.000000	0.033887	-0.033887	-19014.039597	90	-1	0.964602	4.342713e-01,1.454484e-01,3.619229e-02,2.093905e-01,1.079486e-01,2.193984e-02,2.533071e-02,1.520889e-02,4.269463e-03	0.569929	0.238029	-0.024836	-21413.017032	10
7	8	11618	0.963785	0.000000	0.002289	0.013233	0.000000	0.000000	0.000000	0.020692	0.000001	0.002290	0.020693	0.033926	0.001145	0.000001	0.000001	0.022982	0.000001	0.022982	0.029599	-0.006616	-15324.621155	98	-1	0.824147	4.674572e-01,1.462813e-01,3.056421e-02,1.575067e-01,1.212446e-01,2.411446e-02,3.168256e-02,1.636135e-02,4.787645e-03	0.513398	0.298257	-0.005537	-17264.724721	18
7	9	11680	1.000000	0.000000	0.000000	0.000000	0.000000	0.000000	0.000000	0.000000	0.000000	0.000000	0.000093	0.000000	0.000000	0.000000	0.000000	0.000000	0.000000	0.000000	0.000047	0.000046	-15654.219986	70	-15654.228136	0.828545	4.379065e-01,1.827194e-01,2.482993e-02,1.560259e-01,1.281585e-01,1.757610e-02,2.603078e-02,2.028701e-02,6.465868e-03	0.396858	0.299808	0.041770	-17493.468303	18
7	10	7024	0.813053	0.096746	0.090195	0.000000	0.000000	0.000000	0.000000	0.000002	0.000004	0.138573	0.000006	0.000006	0.069288	0.000004	0.000004	0.090197	0.000004	0.090201	0.138574	-0.000000	-8187.980423	87	-1	0.498262	4.919758e-01,1.489569e-01,1.073263e-02,1.321201e-01,1.471900e-01,1.922661e-02,1.690794e-02,2.267360e-02,1.021638e-02	0.187788	0.419802	0.148875	-9156.964756	22
7	11	9912	0.833205	0.086724	0.076693	0.000000	0.003378	0.000000	0.000000	0.000000	0.000000	0.122588	0.000000	0.003378	0.061716	0.000000	0.001689	0.076693	0.000000	0.076693	0.123433	0.000000	-12154.110513	119	-1	0.703128	4.865796e-01,1.439631e-01,1.581901e-02,1.430270e-01,1.344826e-01,2.482147e-02,1.844359e-02,1.999058e-02,1.287306e-02	0.254773	0.367374	0.109789	-13619.691995	22
7	12	6697	1.000000	0.000000	0.000000	0.000000	0.000000	0.000000	0.000000	0.000000	0.000000	0.000104	0.000000	0.000000	0.000052	0.000000	0.000000	0.000085	0.000000	0.000085	0.000104	0.000000	-7840.180243	114	-7840.183019	0.475066	4.522966e-01,1.894454e-01,7.390064e-03,1.432929e-01,1.495588e-01,8.382651e-03,2.292368e-02,2.286993e-02,3.839907e-03	0.202688	0.379298	0.134113	-8826.235909	31
7	13	8465	1.000000	0.000000	0.000000	0.000000	0.000000	0.000000	0.000000	0.000000	0.000000	0.000000	0.000013	0.000000	0.000000	0.000000	0.000000	0.000000	0.000000	0.000000	0.000006	0.000006	-10157.167276	82	-10157.168119	0.600482	4.574539e-01,1.706956e-01,1.913553e-02,1.610482e-01,1.237881e-01,1.583007e-02,2.683991e-02,2.114234e-02,4.066413e-03	0.371404	0.298506	0.051659	-11516.395861	26
7	14	11581	0.954212	0.000001	0.000000	0.031743	0.000000	0.000000	0.000000	0.014043	0.000001	0.000002	0.014044	0.045787	0.000001	0.000001	0.000001	0.014043	0.000001	0.014044	0.029916	-0.015871	-15046.825126	86	-1	0.821522	4.733069e-01,1.422659e-01,2.969785e-02,1.694338e-01,1.095440e-01,2.240901e-02,2.965209e-02,1.820202e-02,5.488447e-03	0.541791	0.266103	-0.016024	-17031.289048	15
7	15	11614	0.933312	0.000017	0.000000	0.061831	0.000000	0.000001	0.000000	0.004837	0.000001	0.000009	0.004839	0.066669	0.000005	0.000001	0.000001	0.004837	0.000001	0.004838	0.035763	-0.030915	-15283.235862	70	-1	0.823863	4.662491e-01,1.442525e-01,3.218580e-02,1.738710e-01,1.053250e-01,2.450089e-02,3.101780e-02,1.831850e-02,4.279443e-03	0.600082	0.248322	-0.036883	-17220.149077	18
8	9	13749	0.965693	0.000000	0.000000	0.000000	0.000000	0.034307	0.000000	0.000000	0.000000	0.000000	0.034307	0.000000	0.000000	0.000000	0.000000	0.000000	0.000000	0.000000	0.017154	0.017154	-19717.563488	58	-1	0.975314	4.219036e-01,2.061575e-01,2.888509e-02,1.601504e-01,1.070198e-01,1.625090e-02,3.482023e-02,1.996437e-02,4.848066e-03	0.595267	0.229544	-0.033072	-22161.516899	9
8	10	7865	0.982581	0.000002	0.000001	0.000000	0.000000	0.017416	0.000000	0.000000	0.000000	0.000002	0.017416	0.000000	0.000001	0.000000	0.000000	0.000001	0.000000	0.000001	0.008710	0.008708	-9739.316433	70	-1	0.557920	4.649964e-01,1.707792e-01,2.144314e-02,1.454008e-01,1.300981e-01,1.166129e-02,2.716911e-02,2.523093e-02,3.221061e-03	0.373658	0.323881	0.053604	-11003.396411	22
8	11	11464	0.969929	0.000000	0.000000	0.000000	0.000000	0.011155	0.000000	0.018915	0.000000	0.000001	0.030071	0.018916	0.000000	0.000000	0.000000	0.018915	0.000000	0.018916	0.024493	0.005578	-14958.617897	94	-1	0.813223	4.664913e-01,1.623077e-01,3.071829e-02,1.515179e-01,1.119203e-01,1.863091e-02,2.905968e-02,2.272050e-02,6.633380e-03	0.534112	0.269717	-0.013187	-16930.518077	18
8	12	7525	0.930429	0.000176	0.033650	0.000000	0.000000	0.035744	0.000000	0.000000	0.000000	0.033738	0.035745	0.000000	0.016869	0.000000	0.000000	0.033650	0.000000	0.033650	0.051610	0.017872	-9274.702988	98	-1	0.533802	4.642228e-01,1.917113e-01,8.168903e-03,1.287749e-01,1.429123e-01,7.220977e-03,2.455090e-02,2.858753e-02,3.850355e-03	0.228950	0.367370	0.120652	-10424.565471	30
8	13	9703	0.955068	0.000000	0.007345	0.000000	0.000000	0.037587	0.000000	0.000000	0.000000	0.007346	0.037587	0.000000	0.003673	0.000000	0.000000	0.007345	0.000000	0.007345	0.026139	0.018793	-12287.207627	114	-1	0.688302	4.709150e-01,1.646719e-01,2.333991e-02,1.444519e-01,1.241441e-01,1.352352e-02,2.753790e-02,2.703164e-02,4.384169e-03	0.409829	0.309929	0.037441	-13902.845773	22
8	14	13644	0.955709	0.000000	0.000000	0.002520	0.000000	0.000000	0.000000	0.041770	0.000001	0.000001	0.041770	0.044291	0.000001	0.000001	0.000001	0.041770	0.000001	0.041770	0.043031	-0.001260	-19001.471079	102	-1	0.967866	4.783761e-01,1.462989e-01,3.175635e-02,1.576129e-01,1.060332e-01,2.092874e-02,3.117126e-02,2.171588e-02,6.106758e-03	0.593471	0.258943	-0.035484	-21461.356738	7
8	15	13673	0.933578	0.000032	0.000377	0.020187	0.000000	0.000000	0.000000	0.045826	0.000000	0.000393	0.045826	0.066013	0.000196	0.000000	0.000000	0.046203	0.000000	0.046203	0.056312	-0.010093	-19178.597028	70	-1	0.969923	4.789524e-01,1.445699e-01,3.278236e-02,1.559002e-01,1.051909e-01,2.324050e-02,3.187100e-02,2.043939e-02,7.053402e-03	0.614629	0.257314	-0.043489	-21619.646021	9
9	10	7914	1.000000	0.000000	0.000000	0.000000	0.000000	0.000000	0.000000	0.000000	0.000000	0.000051	0.000000	0.000000	0.000026	0.000000	0.000000	0.000044	0.000000	0.000044	0.000051	-0.000000	-10023.569300	114	-10023.572503	0.561396	4.395864e-01,1.629974e-01,1.501013e-02,1.778165e-01,1.393640e-01,1.701093e-02,2.034685e-02,2.197829e-02,5.889483e-03	0.253702	0.335687	0.104247	-11168.890064	29
9	11	11543	1.000000	0.000000	0.000000	0.000000	0.000000	0.000000	0.000000	0.000000	0.000000	0.000000	0.000000	0.000058	0.000000	0.000000	0.000000	0.000000	0.000000	0.000000	0.000029	-0.000029	-15382.959009	118	-15382.962034	0.818827	4.393469e-01,1.503241e-01,2.477986e-02,1.846172e-01,1.276063e-01,2.438698e-02,2.409789e-02,1.804948e-02,6.791249e-03	0.383036	0.299366	0.047188	-17211.858749	18
9	12	7567	1.000000	0.000000	0.000000	0.000000	0.000000	0.000000	0.000000	0.000000	0.000000	0.000007	0.000000	0.000000	0.000004	0.000000	0.000000	0.000007	0.000000	0.000007	0.000007	0.000000	-9534.924860	114	-9534.925359	0.536781	4.247444e-01,1.776927e-01,8.900554e-03,1.681621e-01,1.635230e-01,7.206006e-03,2.169256e-02,2.469421e-02,3.384397e-03	0.187088	0.400450	0.145200	-10696.442862	33
9	13	9771	1.000000	0.000000	0.000000	0.000000	0.000000	0.000000	0.000000	0.000000	0.000000	0.000000	0.000000	0.000003	0.000000	0.000000	0.000000	0.000000	0.000000	0.000000	0.000002	-0.000002	-12641.231034	118	-12641.232691	0.693126	4.172175e-01,1.781919e-01,1.996902e-02,1.952463e-01,1.226236e-01,1.539586e-02,3.140253e-02,1.457334e-02,5.380018e-03	0.418937	0.269633	0.030649	-14251.568331	19
9	14	13730	0.951290	0.000000	0.000000	0.048705	0.000000	0.000000	0.000000	0.000004	0.000001	0.000001	0.000005	0.048710	0.000001	0.000001	0.000001	0.000004	0.000001	0.000005	0.024358	-0.024352	-19503.328229	46	-1	0.973966	4.336278e-01,1.478367e-01,3.470064e-02,2.044724e-01,1.084573e-01,2.078121e-02,2.944442e-02,1.651076e-02,4.168815e-03	0.591432	0.239026	-0.032700	-21955.544827	7
9	15	13761	0.933006	0.000000	0.000000	0.066987	0.000000	0.000000	0.000000	0.000005	0.000002	0.000002	0.000007	0.066994	0.000002	0.000002	0.000002	0.000005	0.000002	0.000007	0.033500	-0.033494	-19731.733297	62	-1	0.976165	4.237115e-01,1.543824e-01,3.672910e-02,2.104102e-01,1.028517e-01,2.141655e-02,3.234535e-02,1.313607e-02,5.017080e-03	0.671592	0.219572	-0.058338	-22173.317005	6
10	11	6973	0.864412	0.018426	0.107667	0.000000	0.000000	0.000000	0.000000	0.000000	0.009495	0.126375	0.009495	0.009495	0.067935	0.009495	0.009495	0.107667	0.009495	0.117162	0.126375	0.000000	-8081.497163	198	-1	0.494644	4.835674e-01,1.408913e-01,1.137239e-02,1.670357e-01,1.344773e-01,2.249453e-02,6.630942e-03,1.772593e-02,1.580446e-02	0.133876	0.367273	0.159569	-9065.576017	31
10	12	4994	0.987082	0.000163	0.012750	0.000000	0.000000	0.000000	0.000000	0.000005	0.000000	0.012832	0.000005	0.000005	0.006416	0.000000	0.000000	0.012755	0.000000	0.012755	0.012836	-0.000000	-5486.034903	126	-1	0.354260	4.537439e-01,1.892765e-01,7.758875e-03,1.565973e-01,1.532005e-01,3.459518e-03,1.157020e-02,1.958322e-02,4.809895e-03	0.126168	0.394597	0.169613	-6141.008614	42
10	13	6101	1.000000	0.000000	0.000000	0.000000	0.000000	0.000000	0.000000	0.000000	0.000000	0.000008	0.000000	0.000000	0.000004	0.000000	0.000000	0.000000	0.000000	0.000000	0.000008	0.000000	-6839.177137	82	-6839.178583	0.432787	4.648094e-01,1.571702e-01,1.730425e-02,1.670243e-01,1.383596e-01,1.619186e-02,2.301729e-02,1.287106e-02,3.252065e-03	0.291426	0.351542	0.091617	-7791.012080	30
10	14	7851	0.952694	0.000013	0.000000	0.047273	0.000000	0.000001	0.000000	0.000016	0.000002	0.000009	0.000019	0.047292	0.000006	0.000002	0.000002	0.000016	0.000002	0.000018	0.023662	-0.023636	-9657.350302	54	-1	0.556927	4.631204e-01,1.443514e-01,3.153687e-02,1.856125e-01,1.141922e-01,2.190874e-02,2.136563e-02,1.243526e-02,5.476948e-03	0.463276	0.273704	0.014151	-10970.763949	22
10	15	7868	0.933740	0.000001	0.000000	0.066256	0.000000	0.000000	0.000000	0.000003	0.000000	0.000001	0.000003	0.066259	0.000000	0.000000	0.000000	0.000003	0.000000	0.000003	0.033131	-0.033128	-9651.774057	54	-1	0.558133	4.606517e-01,1.433091e-01,3.397415e-02,1.886026e-01,1.134647e-01,2.200609e-02,2.497797e-02,8.884295e-03,4.129301e-03	0.519563	0.269030	-0.007528	-10981.397037	22
11	12	6662	0.990263	0.000006	0.009731	0.000000	0.000000	0.000000	0.000000	0.000000	0.000000	0.009734	0.000000	0.000000	0.004867	0.000000	0.000000	0.009731	0.000000	0.009731	0.009734	0.000000	-7691.207587	106	-1	0.472583	4.558262e-01,1.968121e-01,2.979933e-03,1.446504e-01,1.394935e-01,9.526016e-03,1.963590e-02,2.450479e-02,6.571220e-03	0.162128	0.350390	0.144026	-8667.145330	35
11	13	8380	1.000000	0.000000	0.000000	0.000000	0.000000	0.000000	0.000000	0.000000	0.000000	0.000002	0.000035	0.000002	0.000002	0.000002	0.000002	0.000000	0.000002	0.000002	0.000019	0.000016	-9857.147822	102	-9857.152438	0.594453	4.617567e-01,1.714863e-01,1.944235e-02,1.566281e-01,1.228408e-01,1.430780e-02,2.981236e-02,1.895239e-02,4.773116e-03	0.400964	0.299153	0.040081	-11239.386221	18
11	14	11435	0.950365	0.000000	0.000000	0.025825	0.000000	0.000000	0.000000	0.023810	0.000000	0.000000	0.023810	0.049635	0.000000	0.000000	0.000000	0.023810	0.000000	0.023810	0.036723	-0.012913	-14828.651162	90	-1	0.811165	4.656383e-01,1.474472e-01,3.458184e-02,1.697327e-01,1.078452e-01,1.917389e-02,3.379203e-02,1.612840e-02,5.660538e-03	0.634000	0.256252	-0.050869	-16839.811354	18
11	15	11470	0.932845	0.000000	0.000000	0.063627	0.000000	0.000054	0.000000	0.003473	0.000000	0.000000	0.003528	0.067101	0.000000	0.000000	0.000000	0.003473	0.000000	0.003474	0.035315	-0.031786	-14914.610681	94	-1	0.813648	4.696461e-01,1.455276e-01,3.174882e-02,1.702580e-01,1.018981e-01,2.463309e-02,3.153379e-02,1.955523e-02,5.199175e-03	0.621038	0.240748	-0.043754	-16897.825984	18
12	13	5847	0.994807	0.000026	0.005163	0.000000	0.000000	0.000000	0.000000	0.000000	0.000003	0.005180	0.000003	0.000003	0.002592	0.000003	0.000003	0.005163	0.000003	0.005167	0.005180	-0.000000	-6499.999557	210	-1	0.414769	4.562354e-01,1.627427e-01,6.360292e-03,1.789203e-01,1.476621e-01,2.805537e-02,8.384775e-03,8.117597e-03,3.521560e-03	0.099857	0.376131	0.175548	-7355.815553	30
12	14	7519	0.954488	0.000022	0.000037	0.045450	0.000000	0.000000	0.000000	0.000000	0.000004	0.000052	0.000004	0.045454	0.000028	0.000004	0.000004	0.000037	0.000004	0.000041	0.022777	-0.022725	-9201.144567	70	-1	0.533376	4.544621e-01,1.334379e-01,2.884350e-02,2.111629e-01,1.318702e-01,2.129057e-02,4.773380e-03,6.387819e-03,7.771619e-03	0.254924	0.324887	0.101627	-10400.049958	34
12	15	7544	0.941010	0.000011	0.000000	0.058979	0.000000	0.000000	0.000000	0.000000	0.000000	0.000006	0.000000	0.058979	0.000003	0.000000	0.000000	0.000000	0.000000	0.000000	0.029495	-0.029489	-9340.354196	70	-1	0.535149	4.472238e-01,1.375016e-01,3.075149e-02,2.063797e-01,1.304538e-01,2.694004e-02,1.328984e-02,3.275719e-03,4.183978e-03	0.337601	0.311987	0.066726	-10565.111836	30
13	14	9692	0.888626	0.000161	0.066246	0.044966	0.000000	0.000000	0.000000	0.000000	0.000001	0.066328	0.000001	0.044967	0.033164	0.000001	0.000001	0.066246	0.000001	0.066247	0.088811	-0.022483	-12082.884137	110	-1	0.687522	4.893425e-01,1.286122e-01,2.482423e-02,1.590455e-01,1.316593e-01,2.660147e-02,2.041154e-02,1.381643e-02,5.686749e-03	0.343582	0.352680	0.069645	-13653.974110	19
13	15	9731	0.878498	0.000011	0.050132	0.071358	0.000000	0.000000	0.000000	0.000000	0.000000	0.050138	0.000000	0.071358	0.025069	0.000000	0.000000	0.050133	0.000000	0.050133	0.085817	-0.035679	-12222.190331	94	-1	0.690289	4.863884e-01,1.282968e-01,2.820149e-02,1.649566e-01,1.244651e-01,2.558620e-02,2.115052e-02,1.352988e-02,7.424947e-03	0.396513	0.326063	0.044316	-13785.035808	21
14	15	13649	0.933203	0.000000	0.000000	0.007541	0.000000	0.000000	0.000000	0.059256	0.000000	0.000000	0.059256	0.066797	0.000000	0.000000	0.000000	0.059256	0.000000	0.059256	0.063026	-0.003771	-18994.548872	102	-1	0.968220	4.832147e-01,1.495089e-01,3.405619e-02,1.501985e-01,1.023205e-01,2.176046e-02,3.294576e-02,1.874287e-02,7.252099e-03	0.654824	0.251270	-0.058151	-21452.900940	7
