10 -182368.691174
10 -173183.033461
10 -178002.620718
10 -171619.878886
10 -172010.863802
10 -171991.838403
10 -178002.620718
10 -174591.700445
10 -173572.496872
10 -174192.438166
10 -175267.936046
10 -176673.613487
10 -173275.015103
10 -173379.760318
10 -173275.015103
10 -175948.465437
10 -173275.015103
10 -174987.029999
10 -172982.915547
10 -172982.915547
10 -173275.015103
10 -173275.015103
10 -175245.361724
10 -173275.015103
10 -173275.015103
10 -173275.015103
10 -173275.015103
10 -173275.015103
10 -173275.015103
10 -173275.015103
10 -173275.015103
10 -173275.015103
10 -173275.015103
10 -175245.361724
10 -173275.015103
10 -173275.015103
10 -173275.015103
10 -173275.015103
10 -173275.015103
10 -173275.015103
10 -173275.015103
10 -173275.015103
10 -173275.015103
10 -173275.015103
10 -173423.660612
10 -173275.015103
10 -174739.775874
10 -179412.724009
10 -176662.201058
10 -172861.829555
11 -170542.762969
11 -163725.140347
11 -163725.140145
11 -166825.277068
11 -165097.967202
11 -163018.67365
11 -164817.326292
11 -170069.484331
11 -166825.277068
11 -163018.673506
11 -165693.594555
11 -166524.085437
11 -163609.252421
11 -171488.734437
11 -163609.252421
11 -170323.810998
11 -163609.252421
11 -163609.252421
11 -163609.252421
11 -163609.252421
11 -163609.252421
11 -163609.252421
11 -163686.164502
11 -163609.252421
11 -163609.252421
11 -163609.252421
11 -163609.252421
11 -163609.252421
11 -163609.252421
11 -163609.252421
11 -163609.252421
11 -163609.252421
11 -163609.252421
11 -165403.698287
11 -163609.252421
11 -163609.252421
11 -163609.252421
11 -163609.252421
11 -163609.252421
11 -163609.252421
11 -163609.252421
11 -163609.252421
11 -163609.252421
11 -163609.252421
11 -164168.228921
11 -163609.252421
11 -167038.364509
11 -169459.6969
11 -166016.602438
11 -167038.364509
1 -296286.160632
1 -296286.160632
1 -296286.160632
1 -296286.160632
1 -296286.160632
1 -296286.160632
1 -296286.160632
1 -296286.160632
1 -296286.160632
1 -296286.160632
1 -296286.160632
1 -296286.160632
1 -296286.160632
1 -296286.160632
1 -296286.160632
1 -296286.160632
1 -296286.160632
1 -296286.160632
1 -296286.160632
1 -296286.160632
1 -296286.160632
1 -296286.160632
1 -296286.160632
1 -296286.160632
1 -296286.160632
1 -296286.160632
1 -296286.160632
1 -296286.160632
1 -296286.160632
1 -296286.160632
1 -296286.160632
1 -296286.160632
1 -296286.160632
1 -296286.160632
1 -296286.160632
1 -296286.160632
1 -296286.160632
1 -296286.160632
1 -296286.160632
1 -296286.160632
1 -296286.160632
1 -296286.160632
1 -296286.160632
1 -296286.160632
1 -296286.160632
1 -296286.160632
1 -296286.160632
1 -296286.160632
1 -296286.160632
1 -296286.160632
2 -270531.436769
2 -270531.445996
2 -270531.435148
2 -270531.447
2 -270531.436775
2 -270531.436775
2 -270531.435405
2 -270531.436775
2 -270531.438031
2 -270531.438031
2 -270531.437328
2 -270531.509882
2 -270531.436346
2 -270531.436346
2 -270531.438122
2 -270531.436346
2 -270531.440561
2 -270531.436346
2 -270531.448545
2 -270531.442159
2 -270531.436346
2 -270531.436346
2 -270531.437172
2 -270531.436346
2 -270531.436346
2 -270531.436346
2 -270531.436346
2 -270531.436346
2 -270531.436346
2 -270531.436346
2 -270531.436346
2 -270531.436346
2 -270531.436346
2 -270531.436445
2 -270531.436346
2 -270531.436346
2 -270531.436346
2 -270531.436346
2 -270531.436346
2 -270531.436346
2 -270531.436346
2 -270531.436346
2 -270531.436346
2 -270531.436346
2 -270531.437576
2 -270531.436346
2 -270531.437576
2 -270531.438166
2 -270531.437323
2 -270531.435148
3 -255676.151531
3 -254470.406571
3 -255552.353479
3 -254874.892546
3 -254044.73473
3 -254044.73473
3 -254243.386316
3 -255651.344067
3 -254044.73473
3 -254032.638922
3 -255928.247014
3 -255676.151531
3 -254823.134443
3 -253982.764577
3 -254050.909031
3 -254674.5985
3 -255928.247014
3 -253982.764577
3 -253982.764577
3 -253982.764577
3 -253982.764577
3 -253982.764577
3 -255202.341619
3 -253982.764577
3 -253982.764577
3 -253982.764577
3 -253982.764577
3 -253982.764577
3 -253982.764577
3 -253982.764577
3 -253982.764577
3 -253982.764577
3 -253982.764577
3 -256070.476565
3 -253982.764577
3 -253982.764577
3 -253982.764577
3 -253982.764577
3 -253982.764577
3 -253982.764577
3 -253982.764577
3 -253982.764577
3 -253982.764577
3 -253982.764577
3 -254596.054354
3 -253982.764577
3 -254091.466647
3 -254470.406571
3 -254157.839907
3 -254525.504093
4 -240102.338288
4 -240969.893808
4 -239648.199255
4 -240646.01586
4 -241507.681145
4 -240071.083483
4 -240870.777162
4 -241010.435647
4 -240646.01586
4 -241708.078101
4 -242038.575922
4 -240102.338288
4 -240349.580928
4 -242038.575922
4 -240670.71974
4 -242038.575922
4 -242038.575922
4 -239247.135963
4 -239247.135963
4 -239774.272806
4 -242038.575922
4 -242038.575922
4 -240278.41627
4 -242038.575922
4 -242038.575922
4 -242038.575922
4 -242038.575922
4 -242038.575922
4 -242038.575922
4 -242038.575922
4 -242038.575922
4 -242038.575922
4 -242038.575922
4 -239998.900272
4 -242038.575922
4 -242038.575922
4 -242038.575922
4 -242038.575922
4 -242038.575922
4 -242038.575922
4 -242038.575922
4 -242038.575922
4 -242038.575922
4 -242038.575922
4 -242121.729883
4 -242038.575922
4 -240604.147871
4 -240542.284311
4 -241700.755925
4 -241456.502488
5 -226506.472429
5 -227999.51872
5 -227824.184784
5 -226817.616551
5 -227731.169895
5 -228276.369125
5 -228028.26374
5 -227824.184784
5 -227843.322318
5 -227262.723523
5 -229359.565132
5 -227182.994835
5 -227697.165341
5 -229359.565132
5 -227697.165341
5 -228982.20169
5 -228881.482004
5 -226690.479431
5 -229359.565132
5 -229359.565132
5 -229359.565132
5 -229359.565132
5 -227182.994835
5 -229359.565132
5 -229359.565132
5 -229359.565132
5 -229359.565132
5 -229359.565132
5 -229359.565132
5 -229359.565132
5 -229359.565132
5 -229359.565132
5 -229359.565132
5 -227182.994835
5 -229359.565132
5 -229359.565132
5 -229359.565132
5 -229359.565132
5 -229359.565132
5 -229359.565132
5 -229359.565132
5 -229359.565132
5 -229359.565132
5 -229359.565132
5 -227370.258117
5 -229359.565132
5 -229027.296039
5 -228816.453091
5 -228078.871326
5 -227492.43913
6 -215495.648488
6 -217000.475461
6 -214698.819503
6 -214411.203314
6 -218424.984603
6 -217063.284549
6 -214486.902035
6 -215435.613392
6 -216096.776074
6 -214384.409068
6 -216510.288527
6 -216648.20325
6 -213981.537829
6 -215356.9721
6 -216011.546
6 -215356.9721
6 -214486.902035
6 -215356.9721
6 -215517.207491
6 -215373.594592
6 -215356.9721
6 -215356.9721
6 -217393.629297
6 -215356.9721
6 -215356.9721
6 -215356.9721
6 -215356.9721
6 -215356.9721
6 -215356.9721
6 -215356.9721
6 -215356.9721
6 -215356.9721
6 -215356.9721
6 -214486.60372
6 -215356.9721
6 -215356.9721
6 -215356.9721
6 -215356.9721
6 -215356.9721
6 -215356.9721
6 -215356.9721
6 -215356.9721
6 -215356.9721
6 -215356.9721
6 -214486.60372
6 -215356.9721
6 -217361.086922
6 -215212.042096
6 -214169.589232
6 -215558.110791
7 -204662.350284
7 -203861.198744
7 -203993.751051
7 -204843.610511
7 -204767.227713
7 -204843.610511
7 -204660.807274
7 -204302.148831
7 -203476.350858
7 -203476.350858
7 -205122.048166
7 -204021.217446
7 -204390.465773
7 -204390.924266
7 -204040.472747
7 -203271.712517
7 -204660.807274
7 -206920.791281
7 -204390.924266
7 -204390.924266
7 -204390.924266
7 -204390.924266
7 -204021.217446
7 -204390.924266
7 -204390.924266
7 -204390.924266
7 -204390.924266
7 -204390.924266
7 -204390.924266
7 -204390.924266
7 -204390.924266
7 -204390.924266
7 -204390.924266
7 -204253.980794
7 -204390.924266
7 -204390.924266
7 -204390.924266
7 -204390.924266
7 -204390.924266
7 -204390.924266
7 -204390.924266
7 -204390.924266
7 -204390.924266
7 -204390.924266
7 -204777.185129
7 -204390.924266
7 -204606.029598
7 -204777.185129
7 -203838.123317
7 -204649.695813
8 -192711.424042
8 -193335.334626
8 -193562.66624
8 -194546.798101
8 -195613.41152
8 -194307.295163
8 -192275.982018
8 -192297.063549
8 -194341.475744
8 -194307.295163
8 -195147.781058
8 -193653.383573
8 -196281.414691
8 -196281.414691
8 -194246.923136
8 -196281.414691
8 -192364.077946
8 -196281.414691
8 -195591.660212
8 -196281.414691
8 -196281.414691
8 -193658.993737
8 -193653.383573
8 -196281.414691
8 -196281.414691
8 -196281.414691
8 -196281.414691
8 -196281.414691
8 -196281.414691
8 -196281.414691
8 -196281.414691
8 -196281.414691
8 -196281.414691
8 -194749.545257
8 -196281.414691
8 -196281.414691
8 -196281.414691
8 -196281.414691
8 -196281.414691
8 -196281.414691
8 -196281.414691
8 -196281.414691
8 -196281.414691
8 -196281.414691
8 -193350.373711
8 -196281.414691
8 -192561.138469
8 -194609.659353
8 -194609.659353
8 -191787.273427
9 -186402.271566
9 -183549.359468
9 -183549.359468
9 -184349.582445
9 -182828.442125
9 -185513.36415
9 -183839.611821
9 -182828.442125
9 -183250.820296
9 -183052.176454
9 -182828.442125
9 -187417.138191
9 -183172.564839
9 -182144.233927
9 -182745.91194
9 -184456.82033
9 -185994.218956
9 -182215.237662
9 -184456.82033
9 -182745.91194
9 -183482.377854
9 -183482.377854
9 -182634.566082
9 -183482.377854
9 -183482.377854
9 -183482.377854
9 -183482.377854
9 -183482.377854
9 -183482.377854
9 -183482.377854
9 -183482.377854
9 -183482.377854
9 -183482.377854
9 -185246.252593
9 -183482.377854
9 -183482.377854
9 -183482.377854
9 -183482.377854
9 -183482.377854
9 -183482.377854
9 -183482.377854
9 -183482.377854
9 -183482.377854
9 -183482.377854
9 -185246.252593
9 -183482.377854
9 -182485.63451
9 -182485.63451
9 -182284.711652
9 -183549.359468
