a	b	nSites	J9	J8	J7	J6	J5	J4	J3	J2	J1	rab	Fa	Fb	theta	inbred_relatedness_1_2	inbred_relatedness_2_1	fraternity	identity	zygosity	2of3_IDB	FDiff	loglh	nIter	bestoptimll	coverage	2dsfs	R0	R1	KING	2dsfs_loglike	2dsfsf_niter
0	1	17503	0.009285	0.063497	0.927211	0.000000	0.000000	0.000006	0.000000	0.000000	0.000000	0.958960	0.000007	0.000000	0.479480	0.000000	0.000000	0.927211	0.000000	0.927212	0.958964	0.000003	-12768.418543	78	-1	0.927311	6.751023e-01,8.473943e-03,1.687334e-04,5.523097e-03,2.822138e-01,2.059950e-03,1.041812e-04,3.246848e-03,2.310720e-02	0.000967	14.415761	0.482530	-15311.529032	14
0	2	16154	1.000000	0.000000	0.000000	0.000000	0.000000	0.000000	0.000000	0.000000	0.000000	0.000000	0.000000	0.000023	0.000000	0.000000	0.000000	0.000000	0.000000	0.000000	0.000012	-0.000011	-21198.316782	94	-21198.326520	0.855841	4.151238e-01,2.225255e-01,4.246109e-02,1.605359e-01,1.157075e-01,1.558874e-02,1.679118e-02,1.054219e-02,7.241193e-04	0.512087	0.247003	-0.004366	-24416.486645	10
0	3	18355	0.000125	0.011986	0.987888	0.000000	0.000000	0.000001	0.000000	0.000000	0.000000	0.993881	0.000001	0.000000	0.496940	0.000000	0.000000	0.987888	0.000000	0.987888	0.993881	0.000001	-11441.023355	174	-1	0.972450	6.825110e-01,1.236689e-03,6.489666e-10,1.367302e-03,2.877069e-01,3.002745e-04,6.257127e-10,3.250546e-04,2.655278e-02	0.000000	89.092062	0.497210	-14076.248339	10
0	4	17958	1.000000	0.000000	0.000000	0.000000	0.000000	0.000000	0.000000	0.000000	0.000000	0.000000	0.000000	0.000015	0.000000	0.000000	0.000000	0.000000	0.000000	0.000000	0.000007	-0.000007	-23803.452291	82	-23803.458448	0.951417	4.029247e-01,2.248180e-01,5.418264e-02,1.824181e-01,9.623034e-02,1.230960e-02,2.295645e-02,3.967641e-03,1.926054e-04	0.801609	0.192210	-0.094237	-27893.653078	9
0	5	17899	0.861480	0.000000	0.000000	0.138519	0.000000	0.000000	0.000000	0.000001	0.000000	0.000000	0.000001	0.138520	0.000000	0.000000	0.000000	0.000001	0.000000	0.000001	0.069261	-0.069259	-24767.364136	118	-1	0.948291	4.314818e-01,1.832756e-01,6.666097e-02,1.744696e-01,9.666173e-02,2.059179e-02,1.877069e-02,6.239783e-03,1.848098e-03	0.883821	0.205660	-0.128399	-28210.895902	9
0	6	18031	0.002494	0.018565	0.978939	0.000000	0.000000	0.000000	0.000002	0.000000	0.000000	0.988223	0.000002	0.000000	0.494112	0.000001	0.000000	0.978939	0.000000	0.978939	0.988224	-0.000000	-11707.520181	54	-1	0.955285	6.829791e-01,1.923394e-03,5.924414e-07,2.665609e-03,2.858609e-01,1.224299e-04,4.936879e-05,1.143766e-03,2.525478e-02	0.000175	48.408659	0.494758	-14295.255096	11
0	7	11998	1.000000	0.000000	0.000000	0.000000	0.000000	0.000000	0.000000	0.000000	0.000000	0.000001	0.000001	0.000018	0.000001	0.000001	0.000001	0.000000	0.000001	0.000001	0.000009	-0.000009	-14949.380344	110	-14949.387589	0.635656	4.242917e-01,2.144687e-01,3.695788e-02,1.503997e-01,1.299261e-01,1.553767e-02,1.594863e-02,1.106971e-02,1.399931e-03	0.407205	0.292375	0.037021	-17342.856557	18
0	8	17951	0.000001	0.029338	0.970658	0.000000	0.000003	0.000000	0.000000	0.000000	0.000000	0.985329	0.000000	0.000003	0.492665	0.000000	0.000002	0.970658	0.000000	0.970658	0.985330	-0.000000	-11769.581819	178	-1	0.951046	6.824791e-01,2.080769e-03,4.860488e-09,4.407666e-03,2.837267e-01,6.893614e-04,6.170457e-09,6.845031e-04,2.593191e-02	0.000000	36.086931	0.493167	-14360.955814	14
0	9	18143	0.006308	0.021156	0.967020	0.001527	0.003987	0.000000	0.000000	0.000000	0.000001	0.980590	0.000002	0.005515	0.490794	0.000001	0.001995	0.967020	0.000001	0.967022	0.982350	-0.000764	-11990.504105	118	-1	0.961219	6.826814e-01,1.699070e-03,5.215892e-05,6.000964e-03,2.818545e-01,1.085858e-03,1.517864e-04,1.030848e-03,2.544341e-02	0.000724	28.127272	0.490731	-14586.813594	14
0	10	17112	1.000000	0.000000	0.000000	0.000000	0.000000	0.000000	0.000000	0.000000	0.000000	0.000000	0.000000	0.000057	0.000000	0.000000	0.000000	0.000000	0.000000	0.000000	0.000028	-0.000028	-22681.225846	103	-22681.239249	0.906596	4.016829e-01,2.212900e-01,5.604004e-02,1.834710e-01,9.654253e-02,1.308033e-02,2.390157e-02,3.750156e-03,2.414252e-04	0.828046	0.192495	-0.103047	-26597.524672	10
0	11	12067	0.890886	0.000000	0.000002	0.109110	0.000000	0.000000	0.000001	0.000000	0.000000	0.000003	0.000001	0.109110	0.000002	0.000001	0.000000	0.000002	0.000000	0.000002	0.054559	-0.054555	-15478.080946	79	-1	0.639311	4.292158e-01,1.789320e-01,6.277906e-02,1.904859e-01,8.816401e-02,1.957571e-02,2.453893e-02,5.288354e-03,1.020283e-03	0.990404	0.183065	-0.151543	-18318.848197	14
0	12	9624	1.000000	0.000000	0.000000	0.000000	0.000000	0.000000	0.000000	0.000000	0.000000	0.000005	0.000003	0.000003	0.000004	0.000002	0.000002	0.000000	0.000002	0.000002	0.000006	-0.000000	-11740.106440	67	-11740.115450	0.509881	4.048896e-01,2.466428e-01,2.334979e-02,1.347533e-01,1.490974e-01,1.177513e-02,1.492140e-02,1.339179e-02,1.178793e-03	0.256686	0.335175	0.102950	-13543.078049	21
0	13	17789	0.866837	0.000000	0.000000	0.133161	0.000000	0.000000	0.000000	0.000001	0.000000	0.000001	0.000002	0.133163	0.000000	0.000000	0.000000	0.000001	0.000000	0.000002	0.066583	-0.066580	-24513.652159	34	-1	0.942464	4.353266e-01,1.814970e-01,6.496619e-02,1.694791e-01,9.899639e-02,2.305128e-02,1.819743e-02,6.604103e-03,1.881957e-03	0.840067	0.213449	-0.116364	-28046.070641	7
0	14	17611	0.848730	0.000001	0.000000	0.151261	0.000000	0.000000	0.000001	0.000006	0.000000	0.000002	0.000007	0.151267	0.000001	0.000001	0.000000	0.000006	0.000000	0.000006	0.075639	-0.075631	-24276.671458	62	-1	0.933033	4.361844e-01,1.772768e-01,6.732719e-02,1.741139e-01,9.462703e-02,2.386203e-02,1.895143e-02,6.163761e-03,1.493427e-03	0.911776	0.202326	-0.136559	-27724.832121	9
0	15	12664	1.000000	0.000000	0.000000	0.000000	0.000000	0.000000	0.000000	0.000000	0.000000	0.000000	0.000000	0.000030	0.000000	0.000000	0.000000	0.000000	0.000000	0.000000	0.000015	-0.000015	-16130.342573	106	-16130.349370	0.670940	4.051404e-01,2.287168e-01,4.311679e-02,1.726448e-01,1.071960e-01,1.512820e-02,1.914685e-02,8.381912e-03,5.281659e-04	0.580839	0.220054	-0.027111	-18542.875897	14
0	16	15872	0.993207	0.000000	0.000000	0.006793	0.000000	0.000000	0.000000	0.000000	0.000000	0.000000	0.000000	0.006793	0.000000	0.000000	0.000000	0.000000	0.000000	0.000000	0.003397	-0.003396	-20973.698129	74	-1	0.840901	4.137773e-01,2.166054e-01,4.906545e-02,1.648679e-01,1.112078e-01,1.639707e-02,1.932829e-02,7.741560e-03,1.009255e-03	0.615009	0.234613	-0.040730	-24113.075466	11
0	17	17413	0.853878	0.000000	0.000000	0.146121	0.000000	0.000000	0.000000	0.000000	0.000001	0.000001	0.000001	0.146122	0.000001	0.000001	0.000001	0.000000	0.000001	0.000001	0.073061	-0.073060	-23758.198213	42	-1	0.922543	4.382901e-01,1.769841e-01,6.572833e-02,1.766335e-01,9.393743e-02,2.151544e-02,1.882557e-02,6.407491e-03,1.678101e-03	0.900109	0.201542	-0.132013	-27155.907451	9
0	18	15860	1.000000	0.000000	0.000000	0.000000	0.000000	0.000000	0.000000	0.000000	0.000000	0.000000	0.000005	0.000000	0.000000	0.000000	0.000000	0.000000	0.000000	0.000000	0.000003	0.000002	-20298.792302	54	-20298.801517	0.840265	3.627115e-01,2.848816e-01,3.402061e-02,1.730903e-01,1.096598e-01,6.985026e-03,2.320682e-02,5.444262e-03,4.380888e-08	0.521863	0.207835	-0.006952	-23574.419644	11
0	19	17843	0.865554	0.000000	0.000000	0.134446	0.000000	0.000000	0.000000	0.000000	0.000000	0.000000	0.000000	0.134446	0.000000	0.000000	0.000000	0.000000	0.000000	0.000000	0.067223	-0.067223	-24678.864314	78	-1	0.945325	4.290832e-01,1.856113e-01,6.757758e-02,1.764220e-01,9.327695e-02,2.094033e-02,1.924301e-02,6.332832e-03,1.512816e-03	0.930783	0.195908	-0.139555	-28158.114936	7
0	20	17762	0.867987	0.000000	0.000001	0.132010	0.000000	0.000002	0.000000	0.000001	0.000000	0.000001	0.000003	0.132011	0.000000	0.000000	0.000000	0.000001	0.000000	0.000001	0.066008	-0.066004	-24406.726653	90	-1	0.941033	4.339121e-01,1.848876e-01,6.284361e-02,1.756536e-01,9.376547e-02,2.259097e-02,1.784301e-02,6.730607e-03,1.773043e-03	0.860515	0.199268	-0.117091	-27867.344227	7
0	21	14546	1.000000	0.000000	0.000000	0.000000	0.000000	0.000000	0.000000	0.000000	0.000000	0.000000	0.000000	0.000008	0.000000	0.000000	0.000000	0.000000	0.000000	0.000000	0.000004	-0.000004	-19210.614205	78	-19210.620981	0.770649	3.906419e-01,2.469777e-01,4.046060e-02,1.598596e-01,1.193875e-01,1.474371e-02,1.673274e-02,1.023436e-02,9.618987e-04	0.479056	0.244142	0.007457	-21846.451425	14
0	22	16459	0.934812	0.000000	0.000000	0.065185	0.000001	0.000000	0.000000	0.000000	0.000002	0.000002	0.000002	0.065187	0.000002	0.000002	0.000002	0.000000	0.000002	0.000002	0.032595	-0.032593	-22111.371610	71	-1	0.872000	4.247205e-01,2.022504e-01,5.251041e-02,1.728110e-01,9.855481e-02,2.122946e-02,1.845439e-02,7.970687e-03,1.498312e-03	0.720054	0.207385	-0.072126	-25275.883907	11
1	2	15774	1.000000	0.000000	0.000000	0.000000	0.000000	0.000000	0.000000	0.000000	0.000000	0.000000	0.000000	0.000025	0.000000	0.000000	0.000000	0.000000	0.000000	0.000000	0.000013	-0.000012	-20627.115600	102	-20627.125194	0.835709	4.151354e-01,2.200696e-01,4.264133e-02,1.623480e-01,1.188064e-01,1.626746e-02,1.480211e-02,9.142414e-03,7.873179e-04	0.483505	0.255349	0.006073	-23649.776921	14
1	3	17524	0.009282	0.059039	0.931668	0.000004	0.000007	0.000000	0.000000	0.000000	0.000000	0.961193	0.000000	0.000011	0.480597	0.000000	0.000004	0.931668	0.000000	0.931668	0.961197	-0.000002	-12759.968442	58	-1	0.928424	6.751517e-01,4.804815e-03,9.559353e-05,8.423339e-03,2.829728e-01,3.075047e-03,1.703813e-04,1.753106e-03,2.355324e-02	0.000940	15.444189	0.483630	-15294.011074	14
1	4	17133	1.000000	0.000000	0.000000	0.000000	0.000000	0.000000	0.000000	0.000000	0.000000	0.000000	0.000000	0.000024	0.000000	0.000000	0.000000	0.000000	0.000000	0.000000	0.000012	-0.000012	-22557.917191	90	-22557.925066	0.907709	4.042186e-01,2.221362e-01,5.439059e-02,1.830527e-01,9.742445e-02,1.393318e-02,2.054111e-02,4.131011e-03,1.721449e-04	0.769126	0.195559	-0.084839	-26330.731687	10
1	5	17084	0.855963	0.000000	0.000000	0.144035	0.000000	0.000000	0.000000	0.000001	0.000000	0.000001	0.000001	0.144036	0.000001	0.000001	0.000000	0.000001	0.000000	0.000001	0.072019	-0.072018	-23453.567653	38	-1	0.905113	4.327301e-01,1.810462e-01,6.673230e-02,1.771048e-01,9.615511e-02,2.159198e-02,1.600165e-02,6.800909e-03,1.836971e-03	0.860422	0.204900	-0.119741	-26600.957662	10
1	6	17294	0.000015	0.055969	0.944015	0.000000	0.000000	0.000000	0.000000	0.000000	0.000000	0.972000	0.000000	0.000000	0.486000	0.000000	0.000000	0.944015	0.000000	0.944015	0.972000	-0.000000	-12425.923104	338	-1	0.916238	6.791602e-01,3.819311e-03,1.925964e-08,6.041826e-03,2.839667e-01,1.887909e-03,6.480958e-08,2.287289e-03,2.283664e-02	0.000000	20.230707	0.487940	-14911.969873	14
1	7	11778	1.000000	0.000000	0.000000	0.000000	0.000000	0.000000	0.000000	0.000000	0.000000	0.000001	0.000001	0.000019	0.000001	0.000001	0.000000	0.000000	0.000000	0.000000	0.000010	-0.000010	-14639.074490	106	-14639.082365	0.624000	4.279835e-01,2.124023e-01,3.625155e-02,1.490640e-01,1.323155e-01,1.598413e-02,1.333286e-02,1.126246e-02,1.403748e-03	0.374744	0.301885	0.050734	-16940.399341	14
1	8	17277	0.000000	0.051219	0.948758	0.000000	0.000023	0.000000	0.000000	0.000000	0.000000	0.974385	0.000000	0.000023	0.487195	0.000000	0.000011	0.948758	0.000000	0.948758	0.974390	-0.000000	-12256.987940	178	-1	0.915338	6.804780e-01,2.158808e-03,7.341453e-09,6.476601e-03,2.829013e-01,2.303527e-03,5.987011e-08,1.970909e-03,2.371080e-02	0.000000	21.913496	0.488846	-14725.044366	14
1	9	17387	0.000001	0.051822	0.944865	0.000001	0.003309	0.000000	0.000000	0.000002	0.000000	0.973258	0.000002	0.003312	0.487042	0.000000	0.001654	0.944867	0.000000	0.944867	0.974087	-0.000001	-12384.701387	62	-1	0.921166	6.803436e-01,2.006546e-03,3.678677e-08,7.603035e-03,2.820781e-01,2.681524e-03,2.393555e-08,1.625609e-03,2.366156e-02	0.000000	20.268924	0.487963	-14853.198178	14
1	10	16321	1.000000	0.000000	0.000000	0.000000	0.000000	0.000000	0.000000	0.000000	0.000000	0.000000	0.000000	0.000081	0.000000	0.000000	0.000000	0.000000	0.000000	0.000000	0.000041	-0.000041	-21499.363126	126	-21499.368992	0.864689	4.028827e-01,2.187139e-01,5.625976e-02,1.842388e-01,9.741106e-02,1.489178e-02,2.149809e-02,3.848748e-03,2.551262e-04	0.798245	0.195036	-0.094247	-25101.662071	10
1	11	11506	0.882564	0.000000	0.000001	0.117428	0.000001	0.000000	0.000001	0.000004	0.000000	0.000003	0.000005	0.117433	0.000002	0.000000	0.000001	0.000005	0.000000	0.000005	0.058721	-0.058714	-14667.022554	74	-1	0.609589	4.314823e-01,1.735181e-01,6.348557e-02,1.922192e-01,9.054122e-02,1.956328e-02,2.236115e-02,5.885461e-03,9.436896e-04	0.948151	0.189801	-0.141808	-17265.532075	15
1	12	9470	1.000000	0.000000	0.000000	0.000000	0.000000	0.000000	0.000000	0.000000	0.000000	0.000002	0.000000	0.000000	0.000001	0.000000	0.000000	0.000000	0.000000	0.000000	0.000002	-0.000000	-11516.736225	62	-11516.738194	0.501722	4.047218e-01,2.453490e-01,2.237122e-02,1.363433e-01,1.517893e-01,1.253828e-02,1.255965e-02,1.318162e-02,1.145828e-03	0.230127	0.343148	0.115230	-13249.412665	19
1	13	16969	0.861596	0.000000	0.000000	0.138403	0.000000	0.000000	0.000000	0.000000	0.000000	0.000000	0.000000	0.138404	0.000000	0.000000	0.000000	0.000000	0.000000	0.000000	0.069202	-0.069201	-23238.973744	98	-1	0.899020	4.328627e-01,1.815912e-01,6.606812e-02,1.730499e-01,9.796324e-02,2.406167e-02,1.649598e-02,6.288612e-03,1.618604e-03	0.842807	0.209522	-0.115619	-26466.680128	10
1	14	16792	0.847439	0.000000	0.000000	0.152561	0.000000	0.000000	0.000000	0.000000	0.000000	0.000000	0.000000	0.152561	0.000000	0.000000	0.000000	0.000000	0.000000	0.000000	0.076281	-0.076280	-22947.092998	122	-1	0.889642	4.325240e-01,1.781934e-01,6.855413e-02,1.798112e-01,9.307445e-02,2.329646e-02,1.660609e-02,6.649149e-03,1.291040e-03	0.914969	0.196729	-0.134552	-26111.083066	10
1	15	12340	1.000000	0.000000	0.000000	0.000000	0.000000	0.000000	0.000000	0.000000	0.000000	0.000000	0.000000	0.000026	0.000000	0.000000	0.000000	0.000000	0.000000	0.000000	0.000013	-0.000013	-15648.992764	138	-15648.998731	0.653775	4.034183e-01,2.286291e-01,4.311585e-02,1.758252e-01,1.082848e-01,1.549163e-02,1.659239e-02,8.072907e-03,5.699049e-04	0.551400	0.222019	-0.017269	-17922.214940	14
1	16	15482	0.993971	0.000000	0.000001	0.006028	0.000000	0.000000	0.000000	0.000000	0.000000	0.000001	0.000000	0.006028	0.000000	0.000000	0.000000	0.000001	0.000000	0.000001	0.003015	-0.003014	-20330.879639	114	-1	0.820238	4.144800e-01,2.163368e-01,4.819521e-02,1.666519e-01,1.119567e-01,1.761529e-02,1.621078e-02,7.629742e-03,9.234810e-04	0.575276	0.236875	-0.026664	-23290.827786	11
1	17	16662	0.849170	0.000000	0.000000	0.150829	0.000000	0.000001	0.000000	0.000001	0.000000	0.000000	0.000001	0.150830	0.000000	0.000000	0.000000	0.000001	0.000000	0.000001	0.075416	-0.075414	-22600.111571	110	-1	0.882755	4.356908e-01,1.769289e-01,6.695343e-02,1.798549e-01,9.341506e-02,2.251823e-02,1.662097e-02,6.463787e-03,1.553983e-03	0.894657	0.199035	-0.128771	-25712.354159	10
1	18	15472	1.000000	0.000000	0.000000	0.000000	0.000000	0.000000	0.000000	0.000000	0.000000	0.000001	0.000001	0.000001	0.000001	0.000000	0.000000	0.000001	0.000000	0.000001	0.000002	-0.000000	-19687.024446	74	-19687.033018	0.819709	3.647987e-01,2.806561e-01,3.333365e-02,1.732238e-01,1.147580e-01,7.645872e-03,2.043439e-02,5.149099e-03,4.366821e-07	0.468534	0.220501	0.010373	-22821.632387	14
1	19	17025	0.859533	0.000000	0.000000	0.140465	0.000000	0.000000	0.000000	0.000003	0.000000	0.000000	0.000003	0.140467	0.000000	0.000000	0.000000	0.000003	0.000000	0.000003	0.070235	-0.070232	-23377.453783	106	-1	0.901987	4.265885e-01,1.853851e-01,6.886110e-02,1.801093e-01,9.264929e-02,2.160658e-02,1.734288e-02,6.167545e-03,1.289649e-03	0.930433	0.193232	-0.137856	-26547.307663	10
1	20	16965	0.867274	0.000000	0.000000	0.132726	0.000000	0.000000	0.000000	0.000000	0.000000	0.000000	0.000000	0.132726	0.000000	0.000000	0.000000	0.000000	0.000000	0.000000	0.066363	-0.066363	-23144.433787	38	-1	0.898808	4.322432e-01,1.848522e-01,6.322861e-02,1.785508e-01,9.421224e-02,2.288455e-02,1.640818e-02,5.900241e-03,1.719971e-03	0.845291	0.199676	-0.112056	-26309.708233	10
1	21	14243	1.000000	0.000000	0.000000	0.000000	0.000000	0.000000	0.000000	0.000000	0.000000	0.000002	0.000000	0.000005	0.000001	0.000000	0.000001	0.000001	0.000000	0.000001	0.000004	-0.000002	-18730.453723	94	-18730.460937	0.754596	3.911133e-01,2.449911e-01,3.981250e-02,1.618484e-01,1.220449e-01,1.541244e-02,1.369292e-02,1.004909e-02,1.035412e-03	0.438408	0.251221	0.022227	-21206.709809	14
1	22	15971	0.934914	0.000000	0.000000	0.065086	0.000000	0.000000	0.000000	0.000000	0.000000	0.000000	0.000000	0.065086	0.000000	0.000000	0.000000	0.000000	0.000000	0.000000	0.032543	-0.032543	-21365.964272	82	-1	0.846146	4.257301e-01,2.005855e-01,5.145086e-02,1.741276e-01,1.012129e-01,2.230929e-02,1.567118e-02,7.226405e-03,1.686163e-03	0.663177	0.214720	-0.054446	-24296.757428	10
2	3	16184	1.000000	0.000000	0.000000	0.000000	0.000000	0.000000	0.000000	0.000000	0.000000	0.000000	0.000014	0.000000	0.000000	0.000000	0.000000	0.000000	0.000000	0.000000	0.000007	0.000007	-21290.129603	110	-21290.134859	0.857430	4.142719e-01,1.619813e-01,1.699076e-02,2.223329e-01,1.154859e-01,1.028412e-02,4.262184e-02,1.531156e-02,7.196942e-04	0.516189	0.245965	-0.005835	-24502.525672	10
2	4	16061	1.000000	0.000000	0.000000	0.000000	0.000000	0.000000	0.000000	0.000000	0.000000	0.000000	0.000005	0.000004	0.000000	0.000000	0.000000	0.000004	0.000000	0.000004	0.000004	0.000000	-23866.844736	66	-23866.846494	0.850914	3.821736e-01,1.764407e-01,3.370809e-02,1.929849e-01,1.308355e-01,2.560770e-02,3.224489e-02,1.933102e-02,6.673600e-03	0.504091	0.272394	-0.001584	-26218.643830	10
2	5	16022	0.785545	0.022558	0.054203	0.137689	0.000001	0.000000	0.000000	0.000000	0.000004	0.065486	0.000004	0.137694	0.032745	0.000004	0.000004	0.054203	0.000004	0.054207	0.134331	-0.068845	-24626.808976	163	-1	0.848848	4.165133e-01,1.373271e-01,3.824970e-02,1.843001e-01,1.259438e-01,3.853878e-02,2.560639e-02,2.139319e-02,1.212770e-02	0.507021	0.282756	-0.002792	-26243.001574	10
2	6	15895	1.000000	0.000000	0.000000	0.000000	0.000000	0.000000	0.000000	0.000000	0.000000	0.000000	0.000016	0.000000	0.000000	0.000000	0.000000	0.000000	0.000000	0.000000	0.000008	0.000008	-20776.849097	98	-20776.856302	0.842119	4.153591e-01,1.613156e-01,1.509006e-02,2.234179e-01,1.169202e-01,9.242339e-03,4.229005e-02,1.576795e-02,5.967237e-04	0.490763	0.250298	0.003356	-23885.238948	10
2	7	11321	0.991398	0.000233	0.008368	0.000000	0.000000	0.000000	0.000000	0.000000	0.000000	0.008485	0.000000	0.000000	0.004243	0.000000	0.000000	0.008368	0.000000	0.008368	0.008485	0.000000	-16125.173898	118	-1	0.599788	3.875019e-01,1.847208e-01,2.319771e-02,1.767075e-01,1.432934e-01,2.337843e-02,2.820630e-02,2.580283e-02,7.191115e-03	0.358733	0.310150	0.058069	-17359.851714	15
2	8	15904	1.000000	0.000000	0.000000	0.000000	0.000000	0.000000	0.000000	0.000000	0.000000	0.000000	0.000005	0.000000	0.000000	0.000000	0.000000	0.000000	0.000000	0.000000	0.000002	0.000002	-20815.615781	98	-20815.617331	0.842596	4.167822e-01,1.582375e-01,1.671497e-02,2.236832e-01,1.153592e-01,9.869038e-03,4.313978e-02,1.552747e-02,6.866349e-04	0.518855	0.246931	-0.006818	-23943.708065	11
2	9	16009	1.000000	0.000000	0.000000	0.000000	0.000000	0.000000	0.000000	0.000000	0.000000	0.000000	0.000006	0.000000	0.000000	0.000000	0.000000	0.000000	0.000000	0.000000	0.000003	0.000003	-20992.669698	94	-20992.673286	0.848159	4.167012e-01,1.591043e-01,1.684716e-02,2.235728e-01,1.145166e-01,1.036123e-02,4.300016e-02,1.526044e-02,6.360976e-04	0.522608	0.244617	-0.008125	-24150.941999	10
2	10	15386	1.000000	0.000000	0.000000	0.000000	0.000000	0.000000	0.000000	0.000000	0.000000	0.000000	0.000000	0.000045	0.000000	0.000000	0.000000	0.000000	0.000000	0.000000	0.000023	-0.000023	-22854.286524	102	-22854.295924	0.815152	3.792476e-01,1.757261e-01,3.556532e-02,1.970511e-01,1.271766e-01,2.725496e-02,3.188931e-02,1.973512e-02,6.353840e-03	0.530401	0.261024	-0.011471	-25164.109700	10
2	11	10879	0.883862	0.000001	0.000000	0.116132	0.000000	0.000002	0.000000	0.000003	0.000000	0.000000	0.000005	0.116136	0.000000	0.000000	0.000000	0.000003	0.000000	0.000003	0.058071	-0.058065	-15701.179836	54	-1	0.576371	3.933666e-01,1.478319e-01,4.505585e-02,2.162066e-01,1.055227e-01,3.304358e-02,3.559890e-02,1.602194e-02,7.351900e-03	0.764335	0.213713	-0.089380	-17298.528218	11
2	12	9338	0.000343	0.517116	0.454273	0.000000	0.000000	0.000000	0.028268	0.000000	0.000000	0.734032	0.028268	0.000000	0.370549	0.014134	0.000000	0.454273	0.000000	0.454273	0.741099	0.000000	-11495.432474	195	-1	0.494728	5.105588e-01,8.396770e-02,1.682853e-08,3.537189e-02,3.001685e-01,5.590362e-03,1.401783e-08,3.070209e-02,3.364060e-02	0.000000	1.928706	0.397064	-12145.676091	22
2	13	15944	0.841350	0.000038	0.023051	0.135561	0.000000	0.000000	0.000000	0.000000	0.000000	0.023069	0.000000	0.135561	0.011535	0.000000	0.000000	0.023051	0.000000	0.023051	0.090850	-0.067781	-24510.772842	66	-1	0.844715	4.042368e-01,1.428671e-01,4.553641e-02,1.916109e-01,1.225448e-01,3.498274e-02,2.630276e-02,2.128890e-02,1.062969e-02	0.586228	0.264911	-0.033237	-26298.256396	10
2	14	15753	0.834541	0.000044	0.018911	0.146423	0.000000	0.000000	0.000000	0.000080	0.000000	0.018933	0.000080	0.146503	0.009467	0.000000	0.000000	0.018991	0.000000	0.018991	0.092225	-0.073212	-24233.123308	74	-1	0.834596	4.066093e-01,1.417565e-01,4.390424e-02,1.951744e-01,1.178532e-01,3.618738e-02,2.760352e-02,1.943242e-02,1.147904e-02	0.606753	0.253962	-0.040051	-25923.308266	14
2	15	11831	0.995911	0.000000	0.004088	0.000000	0.000000	0.000000	0.000000	0.000000	0.000001	0.004089	0.000001	0.000001	0.002045	0.000001	0.000001	0.004088	0.000001	0.004088	0.004089	-0.000000	-16990.041907	110	-1	0.626808	3.848582e-01,1.794130e-01,2.430580e-02,1.873423e-01,1.389982e-01,2.492877e-02,2.570647e-02,2.554926e-02,8.897971e-03	0.359805	0.297484	0.056059	-18299.764214	14
2	16	14769	0.962835	0.000005	0.035807	0.001351	0.000000	0.000000	0.000000	0.000000	0.000001	0.035811	0.000001	0.001353	0.017906	0.000001	0.000001	0.035807	0.000001	0.035808	0.036487	-0.000676	-21904.655052	98	-1	0.782464	3.955899e-01,1.667964e-01,2.970350e-02,1.785580e-01,1.456611e-01,2.569035e-02,2.449096e-02,2.393837e-02,9.571437e-03	0.372059	0.324284	0.054308	-23547.770671	14
2	17	15685	0.846908	0.000000	0.012418	0.139269	0.000000	0.000000	0.000001	0.001403	0.000000	0.012419	0.001405	0.140672	0.006210	0.000001	0.000000	0.013821	0.000000	0.013821	0.083457	-0.069634	-23939.470317	66	-1	0.830993	4.053158e-01,1.427357e-01,4.441575e-02,1.985190e-01,1.177020e-01,3.267291e-02,2.937219e-02,1.771731e-02,1.154945e-02	0.626905	0.252887	-0.047642	-25683.467017	10
2	18	14808	1.000000	0.000000	0.000000	0.000000	0.000000	0.000000	0.000000	0.000000	0.000000	0.000001	0.000008	0.000000	0.000000	0.000000	0.000000	0.000000	0.000000	0.000000	0.000005	0.000004	-21356.939256	62	-21356.943901	0.784530	3.566626e-01,2.170501e-01,1.748054e-02,1.749140e-01,1.599812e-01,1.519200e-02,2.919288e-02,2.366198e-02,5.864668e-03	0.291743	0.335045	0.088753	-23297.954229	14
2	19	15975	0.858222	0.000000	0.006315	0.135283	0.000000	0.000000	0.000003	0.000175	0.000002	0.006319	0.000179	0.135460	0.003161	0.000003	0.000002	0.006490	0.000002	0.006492	0.074136	-0.067642	-24668.176901	82	-1	0.846358	4.015722e-01,1.470882e-01,4.451945e-02,1.960254e-01,1.171664e-01,3.480208e-02,2.809405e-02,1.971840e-02,1.101382e-02	0.619747	0.249159	-0.044402	-26364.946127	10
2	20	15919	0.867512	0.000000	0.003672	0.124356	0.000000	0.000000	0.000000	0.004459	0.000000	0.003672	0.004459	0.128816	0.001836	0.000000	0.000000	0.008131	0.000000	0.008131	0.070309	-0.062178	-24396.597681	130	-1	0.843391	4.027781e-01,1.442507e-01,4.568818e-02,1.948403e-01,1.217161e-01,3.176066e-02,3.143493e-02,1.917249e-02,8.358504e-03	0.633631	0.260552	-0.051353	-26152.722252	11
2	21	13627	0.964870	0.001449	0.033681	0.000000	0.000000	0.000000	0.000000	0.000000	0.000000	0.034406	0.000000	0.000000	0.017203	0.000000	0.000000	0.033681	0.000000	0.033681	0.034406	-0.000000	-20302.105520	190	-1	0.721960	3.749370e-01,1.947078e-01,2.221427e-02,1.723372e-01,1.531505e-01,2.249911e-02,2.248842e-02,2.854972e-02,9.115884e-03	0.291887	0.330924	0.087998	-21520.504821	15
2	22	15087	0.910301	0.000073	0.024423	0.065203	0.000000	0.000000	0.000000	0.000000	0.000000	0.024460	0.000000	0.065203	0.012230	0.000000	0.000000	0.024423	0.000000	0.024423	0.057061	-0.032601	-22785.429424	82	-1	0.799311	4.007882e-01,1.565549e-01,3.505089e-02,1.896155e-01,1.287506e-01,3.108605e-02,2.750547e-02,2.248267e-02,8.165827e-03	0.485872	0.278503	0.005535	-24332.758699	11
3	4	17990	1.000000	0.000000	0.000000	0.000000	0.000000	0.000000	0.000000	0.000000	0.000000	0.000000	0.000000	0.000002	0.000000	0.000000	0.000000	0.000000	0.000000	0.000000	0.000001	-0.000001	-23857.337496	82	-23857.339362	0.953113	4.028181e-01,2.244658e-01,5.423234e-02,1.835792e-01,9.566333e-02,1.212881e-02,2.298777e-02,3.918955e-03,2.056802e-04	0.807207	0.190826	-0.095507	-27954.484767	7
3	5	17937	0.860349	0.000000	0.000000	0.139650	0.000000	0.000000	0.000000	0.000001	0.000000	0.000000	0.000001	0.139651	0.000000	0.000000	0.000000	0.000001	0.000000	0.000001	0.069826	-0.069825	-24866.269455	130	-1	0.950305	4.313672e-01,1.827226e-01,6.666789e-02,1.753968e-01,9.647365e-02,2.049921e-02,1.845526e-02,6.427909e-03,1.989507e-03	0.882346	0.205189	-0.127636	-28314.602172	7
3	6	18047	0.003313	0.013845	0.980771	0.000000	0.000000	0.000001	0.002071	0.000000	0.000000	0.989246	0.002072	0.000000	0.494882	0.001035	0.000000	0.980771	0.000000	0.980771	0.989765	0.000000	-11714.851048	46	-1	0.956132	6.833211e-01,2.233358e-03,6.498480e-09,1.761754e-03,2.861066e-01,1.047854e-06,4.924614e-05,1.414833e-03,2.511199e-02	0.000172	52.398130	0.495146	-14279.571445	14
3	7	12028	1.000000	0.000000	0.000000	0.000000	0.000000	0.000000	0.000000	0.000000	0.000000	0.000000	0.000000	0.000011	0.000000	0.000000	0.000000	0.000000	0.000000	0.000000	0.000005	-0.000005	-15025.448605	114	-15025.452326	0.637245	4.248608e-01,2.135134e-01,3.672943e-02,1.508363e-01,1.296790e-01,1.565851e-02,1.599774e-02,1.127870e-02,1.446109e-03	0.406598	0.292061	0.037232	-17423.270392	15
3	8	17984	0.000008	0.025529	0.974462	0.000000	0.000000	0.000001	0.000000	0.000000	0.000000	0.987226	0.000001	0.000000	0.493613	0.000000	0.000000	0.974462	0.000000	0.974462	0.987227	0.000001	-11720.861753	66	-1	0.952795	6.834638e-01,2.017947e-03,5.154988e-08,3.337836e-03,2.839010e-01,5.037953e-04,1.162417e-07,8.375129e-04,2.593804e-02	0.000001	42.390619	0.494171	-14307.171705	11
3	9	18146	0.000003	0.032134	0.964962	0.000000	0.002900	0.000000	0.000000	0.000000	0.000000	0.983205	0.000000	0.002901	0.491965	0.000000	0.001450	0.964962	0.000000	0.964963	0.983930	-0.000000	-11960.600288	58	-1	0.961377	6.824832e-01,1.582224e-03,7.325598e-08,5.847597e-03,2.825621e-01,9.645279e-04,9.775280e-07,1.152072e-03,2.540717e-02	0.000004	29.595491	0.491690	-14543.451714	11
3	10	17147	1.000000	0.000000	0.000000	0.000000	0.000000	0.000000	0.000000	0.000000	0.000000	0.000001	0.000001	0.000050	0.000001	0.000001	0.000001	0.000000	0.000001	0.000001	0.000025	-0.000025	-22752.203655	106	-22752.216197	0.908450	4.009976e-01,2.209971e-01,5.599367e-02,1.855237e-01,9.557511e-02,1.303191e-02,2.377937e-02,3.840419e-03,2.611394e-04	0.834663	0.189947	-0.104095	-26680.076764	10
3	11	12104	0.890425	0.000000	0.000000	0.109573	0.000000	0.000000	0.000000	0.000000	0.000001	0.000001	0.000001	0.109575	0.000001	0.000001	0.000001	0.000000	0.000001	0.000001	0.054788	-0.054787	-15554.136258	46	-1	0.641272	4.287119e-01,1.777028e-01,6.269134e-02,1.923025e-01,8.813132e-02,1.928689e-02,2.471194e-02,5.400704e-03,1.060638e-03	0.991739	0.182809	-0.151807	-18408.328214	14
3	12	9646	1.000000	0.000000	0.000000	0.000000	0.000000	0.000000	0.000000	0.000000	0.000000	0.000003	0.000001	0.000001	0.000002	0.000001	0.000001	0.000000	0.000001	0.000001	0.000003	-0.000000	-11803.959416	62	-11803.963060	0.511046	4.044395e-01,2.460586e-01,2.334599e-02,1.361064e-01,1.489980e-01,1.149467e-02,1.480896e-02,1.367400e-02,1.073770e-03	0.256077	0.334460	0.103056	-13607.992396	22
3	13	17826	0.866712	0.000000	0.000000	0.133288	0.000000	0.000000	0.000000	0.000000	0.000000	0.000000	0.000001	0.133288	0.000000	0.000000	0.000000	0.000000	0.000000	0.000000	0.066644	-0.066644	-24616.602345	122	-1	0.944424	4.331896e-01,1.825202e-01,6.574813e-02,1.707556e-01,9.836964e-02,2.281332e-02,1.812064e-02,6.615836e-03,1.867027e-03	0.852588	0.210834	-0.119715	-28146.551308	7
3	14	17644	0.848824	0.000000	0.000000	0.151175	0.000000	0.000000	0.000000	0.000000	0.000000	0.000001	0.000000	0.151175	0.000000	0.000000	0.000000	0.000000	0.000000	0.000000	0.075588	-0.075588	-24351.605440	90	-1	0.934781	4.349384e-01,1.776508e-01,6.790718e-02,1.757560e-01,9.416588e-02,2.300655e-02,1.876644e-02,6.291328e-03,1.517397e-03	0.920436	0.200618	-0.138663	-27789.862419	7
3	15	12687	1.000000	0.000000	0.000000	0.000000	0.000000	0.000000	0.000000	0.000000	0.000000	0.000000	0.000000	0.000013	0.000000	0.000000	0.000000	0.000000	0.000000	0.000000	0.000007	-0.000007	-16199.267010	122	-16199.269602	0.672159	4.047293e-01,2.280837e-01,4.332671e-02,1.733424e-01,1.079565e-01,1.471740e-02,1.890307e-02,8.395886e-03,5.449907e-04	0.576434	0.221782	-0.025768	-18614.572977	14
3	16	15916	0.992507	0.000000	0.000000	0.007493	0.000000	0.000000	0.000000	0.000000	0.000000	0.000000	0.000000	0.007493	0.000000	0.000000	0.000000	0.000000	0.000000	0.000000	0.003747	-0.003747	-21063.954051	134	-1	0.843232	4.136593e-01,2.160753e-01,4.904131e-02,1.655916e-01,1.106758e-01,1.667352e-02,1.912135e-02,8.146663e-03,1.015120e-03	0.615877	0.233174	-0.040854	-24218.772312	11
3	17	17452	0.853797	0.000000	0.000000	0.146202	0.000000	0.000000	0.000000	0.000000	0.000000	0.000000	0.000000	0.146202	0.000000	0.000000	0.000000	0.000000	0.000000	0.000000	0.073101	-0.073101	-23838.220544	138	-1	0.924609	4.381507e-01,1.761955e-01,6.574192e-02,1.771917e-01,9.449127e-02,2.134429e-02,1.892129e-02,6.242589e-03,1.720738e-03	0.895990	0.202929	-0.131300	-27242.787800	10
3	18	15891	1.000000	0.000000	0.000000	0.000000	0.000000	0.000000	0.000000	0.000000	0.000000	0.000001	0.000004	0.000001	0.000001	0.000000	0.000000	0.000001	0.000000	0.000001	0.000003	0.000002	-20362.297126	58	-20362.309386	0.841907	3.631836e-01,2.839882e-01,3.385727e-02,1.742575e-01,1.090812e-01,7.024410e-03,2.308117e-02,5.526697e-03,6.326890e-09	0.521982	0.206697	-0.006961	-23656.756600	13
3	19	17879	0.863517	0.000000	0.000000	0.136482	0.000000	0.000000	0.000000	0.000000	0.000000	0.000000	0.000000	0.136482	0.000000	0.000000	0.000000	0.000000	0.000000	0.000000	0.068242	-0.068241	-24768.557522	98	-1	0.947232	4.283481e-01,1.854214e-01,6.807508e-02,1.776693e-01,9.295739e-02,2.045322e-02,1.915493e-02,6.228826e-03,1.691749e-03	0.938387	0.194878	-0.141574	-28242.023025	7
3	20	17791	0.869173	0.000000	0.000000	0.130826	0.000000	0.000001	0.000000	0.000000	0.000000	0.000000	0.000001	0.130826	0.000000	0.000000	0.000000	0.000000	0.000000	0.000000	0.065413	-0.065413	-24452.868389	126	-1	0.942570	4.341881e-01,1.848545e-01,6.258119e-02,1.752690e-01,9.420382e-02,2.248351e-02,1.789160e-02,6.710066e-03,1.818277e-03	0.854241	0.200523	-0.115525	-27916.792362	7
3	21	14578	1.000000	0.000000	0.000000	0.000000	0.000000	0.000000	0.000000	0.000000	0.000000	0.000000	0.000000	0.000008	0.000000	0.000000	0.000000	0.000000	0.000000	0.000000	0.000004	-0.000004	-19277.653172	86	-19277.659601	0.772344	3.913968e-01,2.453321e-01,4.023473e-02,1.596482e-01,1.203999e-01,1.502930e-02,1.674558e-02,1.021760e-02,9.957747e-04	0.473259	0.247122	0.009596	-21910.858034	14
3	22	16491	0.934271	0.000000	0.000000	0.065728	0.000000	0.000000	0.000001	0.000000	0.000000	0.000001	0.000001	0.065728	0.000000	0.000000	0.000000	0.000000	0.000000	0.000000	0.032865	-0.032864	-22199.364821	78	-1	0.873695	4.243324e-01,2.023428e-01,5.227438e-02,1.732919e-01,9.878530e-02,2.126933e-02,1.820136e-02,7.921692e-03,1.580862e-03	0.713423	0.207837	-0.069997	-25359.109496	10
4	5	17819	0.863201	0.000000	0.000000	0.129802	0.000000	0.000000	0.000000	0.006997	0.000000	0.000000	0.006997	0.136799	0.000000	0.000000	0.000000	0.006997	0.000000	0.006997	0.071898	-0.064901	-27670.786628	50	-1	0.944053	4.005978e-01,1.576442e-01,5.208077e-02,1.914345e-01,1.074377e-01,2.686276e-02,3.502429e-02,2.001328e-02,8.904709e-03	0.810749	0.222411	-0.109314	-30195.296424	7
4	6	17586	1.000000	0.000000	0.000000	0.000000	0.000000	0.000000	0.000000	0.000000	0.000000	0.000000	0.000029	0.000000	0.000000	0.000000	0.000000	0.000000	0.000000	0.000000	0.000015	0.000015	-23168.318964	82	-23168.330696	0.931709	4.041365e-01,1.835177e-01,2.059506e-02,2.265538e-01,9.439024e-02,3.507322e-03,5.398310e-02,1.318375e-02,1.325125e-04	0.790104	0.188276	-0.088972	-27100.942265	10
4	7	11981	1.000000	0.000000	0.000000	0.000000	0.000000	0.000000	0.000000	0.000000	0.000000	0.000004	0.000004	0.000013	0.000004	0.000004	0.000004	0.000000	0.000004	0.000004	0.000009	-0.000004	-16924.315882	79	-16924.325784	0.634755	3.873525e-01,1.873317e-01,2.883850e-02,1.770459e-01,1.386805e-01,1.706484e-02,2.895964e-02,2.783385e-02,6.892500e-03	0.416772	0.296913	0.033619	-18643.568711	15
4	8	17555	1.000000	0.000000	0.000000	0.000000	0.000000	0.000000	0.000000	0.000000	0.000000	0.000000	0.000005	0.000000	0.000000	0.000000	0.000000	0.000000	0.000000	0.000000	0.000003	0.000003	-23128.970059	98	-23128.971958	0.930066	4.059492e-01,1.792730e-01,2.233593e-02,2.269044e-01,9.408215e-02,3.753533e-03,5.449928e-02,1.307248e-02,1.300412e-04	0.816682	0.188225	-0.097499	-27068.887531	10
4	9	17752	1.000000	0.000000	0.000000	0.000000	0.000000	0.000000	0.000000	0.000000	0.000000	0.000000	0.000014	0.000000	0.000000	0.000000	0.000000	0.000000	0.000000	0.000000	0.000008	0.000007	-23429.095828	82	-23429.103925	0.940503	4.057968e-01,1.799624e-01,2.284972e-02,2.272626e-01,9.320107e-02,3.884713e-03,5.450985e-02,1.239556e-02,1.373604e-04	0.830029	0.186080	-0.100865	-27417.472856	10
4	10	17313	0.000000	0.042845	0.939362	0.000000	0.017301	0.000000	0.000492	0.000000	0.000000	0.974129	0.000492	0.017301	0.489289	0.000246	0.008651	0.939362	0.000000	0.939362	0.978577	0.000000	-15284.676335	110	-1	0.917245	6.016174e-01,4.229744e-03,9.345889e-09,7.507991e-03,3.165925e-01,5.054579e-03,4.505943e-08,2.315478e-03,6.268225e-02	0.000000	16.568720	0.485353	-16966.750859	14
4	11	12184	0.029113	0.128577	0.682246	0.047409	0.112656	0.000000	0.000000	0.000000	0.000000	0.831026	0.000000	0.160064	0.429595	0.000000	0.056328	0.682246	0.000000	0.682246	0.882894	-0.023704	-13522.360499	146	-1	0.645510	5.787947e-01,1.573462e-02,3.702690e-03,5.656582e-02,2.565410e-01,2.812346e-02,3.153805e-03,6.443780e-03,5.094012e-02	0.026727	2.255818	0.391690	-14873.520406	22
4	12	9603	1.000000	0.000000	0.000000	0.000000	0.000000	0.000000	0.000000	0.000000	0.000000	0.000023	0.000000	0.000000	0.000012	0.000000	0.000000	0.000014	0.000000	0.000014	0.000023	0.000000	-13375.408823	66	-13375.415708	0.508768	3.690997e-01,2.093585e-01,1.952554e-02,1.580923e-01,1.640490e-01,1.351717e-02,2.829779e-02,3.474835e-02,3.311684e-03	0.291519	0.353905	0.091962	-14669.163762	17
4	13	17695	0.867290	0.000000	0.000000	0.127032	0.000000	0.000003	0.000000	0.005674	0.000001	0.000001	0.005678	0.132707	0.000001	0.000001	0.000001	0.005674	0.000001	0.005675	0.069192	-0.063515	-27474.245840	70	-1	0.937483	3.956032e-01,1.597413e-01,5.313985e-02,1.904316e-01,1.081307e-01,2.836704e-02,3.780023e-02,1.881528e-02,7.970815e-03	0.841020	0.221445	-0.120188	-30112.792325	7
4	14	17502	0.851887	0.000000	0.000000	0.148074	0.000000	0.000001	0.000000	0.000038	0.000000	0.000001	0.000039	0.148111	0.000000	0.000000	0.000000	0.000038	0.000000	0.000038	0.074076	-0.074036	-27152.792627	98	-1	0.927258	3.950904e-01,1.593909e-01,5.458920e-02,1.986098e-01,1.002573e-01,2.781394e-02,3.580091e-02,1.932478e-02,9.122808e-03	0.901581	0.202324	-0.132952	-29708.418580	7
4	15	12659	1.000000	0.000000	0.000000	0.000000	0.000000	0.000000	0.000000	0.000000	0.000000	0.000000	0.000000	0.000014	0.000000	0.000000	0.000000	0.000000	0.000000	0.000000	0.000007	-0.000007	-18184.082819	130	-18184.084778	0.670675	3.735530e-01,1.943217e-01,3.317509e-02,1.885607e-01,1.248643e-01,1.992214e-02,3.583502e-02,2.384296e-02,5.925116e-03	0.552681	0.251916	-0.019451	-20089.946099	14
4	16	15788	0.996812	0.000001	0.000000	0.003186	0.000000	0.000000	0.000000	0.000000	0.000000	0.000001	0.000000	0.003187	0.000000	0.000000	0.000000	0.000000	0.000000	0.000000	0.001594	-0.001593	-23594.022854	78	-1	0.836450	3.748969e-01,1.954315e-01,3.646554e-02,1.911557e-01,1.149369e-01,2.107737e-02,3.331950e-02,2.499396e-02,7.722615e-03	0.607160	0.228756	-0.037180	-25920.225896	11
4	17	17309	0.860073	0.000000	0.000000	0.138895	0.000000	0.000003	0.000000	0.001029	0.000000	0.000000	0.001032	0.139924	0.000000	0.000000	0.000000	0.001029	0.000000	0.001029	0.070478	-0.069446	-26556.630139	86	-1	0.917033	3.986513e-01,1.607825e-01,5.013681e-02,1.970460e-01,1.009554e-01,2.809400e-02,3.803120e-02,1.709119e-02,9.211476e-03	0.873336	0.205536	-0.124612	-29096.616935	10
4	18	16005	0.000019	0.146539	0.773136	0.000000	0.000000	0.000000	0.080306	0.000000	0.000000	0.906635	0.080307	0.000000	0.463356	0.040153	0.000000	0.773136	0.000000	0.773136	0.926712	0.000000	-17338.544537	66	-1	0.847947	5.601630e-01,4.539330e-02,2.725116e-10,7.222461e-03,3.191299e-01,8.227426e-04,2.273674e-09,2.048075e-02,4.678784e-02	0.000000	4.317277	0.448103	-18713.159386	18
4	19	17724	0.865390	0.000001	0.000000	0.134575	0.000000	0.000002	0.000000	0.000030	0.000001	0.000001	0.000033	0.134606	0.000001	0.000001	0.000001	0.000030	0.000001	0.000031	0.067321	-0.067287	-27560.877735	78	-1	0.939020	3.960657e-01,1.635136e-01,4.984577e-02,1.941321e-01,1.014444e-01,3.090918e-02,3.618407e-02,1.916964e-02,8.735528e-03	0.848049	0.205455	-0.115646	-30122.705169	9
4	20	17644	0.872013	0.000000	0.000000	0.127871	0.000000	0.000000	0.000000	0.000115	0.000000	0.000000	0.000116	0.127987	0.000000	0.000000	0.000000	0.000115	0.000000	0.000116	0.064051	-0.063936	-27251.822537	74	-1	0.934781	4.000048e-01,1.592323e-01,5.027690e-02,1.939351e-01,1.052744e-01,2.698491e-02,3.457737e-02,2.102759e-02,8.686670e-03	0.806030	0.216599	-0.105331	-29809.908915	10
4	21	14502	1.000000	0.000000	0.000000	0.000000	0.000000	0.000000	0.000000	0.000000	0.000000	0.000004	0.000012	0.000004	0.000004	0.000003	0.000004	0.000000	0.000003	0.000003	0.000009	0.000004	-21625.859428	71	-21625.872772	0.768318	3.586629e-01,2.174239e-01,3.000197e-02,1.795501e-01,1.302274e-01,1.911844e-02,2.939574e-02,2.882145e-02,6.798150e-03	0.456108	0.258228	0.016207	-23477.438304	14
4	22	16395	0.939220	0.000000	0.000000	0.060516	0.000000	0.000006	0.000000	0.000259	0.000000	0.000000	0.000265	0.060775	0.000000	0.000000	0.000000	0.000259	0.000000	0.000259	0.030520	-0.030255	-24863.894650	82	-1	0.868609	3.835934e-01,1.834117e-01,4.176407e-02,1.962326e-01,1.053377e-01,2.412908e-02,3.838328e-02,1.944177e-02,7.706407e-03	0.760861	0.209268	-0.086698	-27131.146159	10
5	6	17544	0.859085	0.000000	0.000000	0.000000	0.000000	0.140914	0.000001	0.000000	0.000000	0.000001	0.140915	0.000000	0.000001	0.000000	0.000000	0.000000	0.000000	0.000000	0.070458	0.070457	-24095.115003	86	-1	0.929483	4.313635e-01,1.772734e-01,1.692701e-02,1.851054e-01,9.422054e-02,5.560174e-03,6.770085e-02,2.024718e-02,1.602011e-03	0.898189	0.199276	-0.130128	-27406.991759	9
5	7	11916	0.859946	0.000000	0.008619	0.000000	0.000000	0.131435	0.000000	0.000000	0.000000	0.008619	0.131435	0.000000	0.004309	0.000000	0.000000	0.008619	0.000000	0.008619	0.074336	0.065717	-17573.930274	210	-1	0.631311	4.024616e-01,1.925985e-01,2.679965e-02,1.454537e-01,1.256872e-01,1.873919e-02,4.499185e-02,3.573806e-02,7.530208e-03	0.571192	0.270690	-0.027793	-18842.884476	18
5	8	17499	0.858804	0.000000	0.000000	0.000000	0.000000	0.141196	0.000000	0.000000	0.000000	0.000000	0.141196	0.000000	0.000000	0.000000	0.000000	0.000000	0.000000	0.000000	0.070598	0.070598	-24092.981130	102	-1	0.927099	4.325923e-01,1.745173e-01,1.834393e-02,1.867599e-01,9.221149e-02,6.171319e-03,6.756800e-02,2.030748e-02,1.528316e-03	0.931684	0.194675	-0.139139	-27397.737572	10
5	9	17703	0.859017	0.000000	0.000000	0.000000	0.000000	0.140983	0.000000	0.000000	0.000000	0.000000	0.140983	0.000000	0.000000	0.000000	0.000000	0.000000	0.000000	0.000000	0.070492	0.070491	-24403.001610	138	-1	0.937907	4.330351e-01,1.742189e-01,1.851955e-02,1.871753e-01,9.138925e-02,6.483022e-03,6.719231e-02,2.034577e-02,1.640816e-03	0.937877	0.192831	-0.140165	-27746.190951	7
5	10	16975	0.868238	0.000000	0.000000	0.000000	0.000000	0.119391	0.000000	0.012368	0.000002	0.000002	0.131762	0.012370	0.000002	0.000002	0.000002	0.012369	0.000002	0.012370	0.072066	0.059696	-26295.871597	90	-1	0.899338	3.983745e-01,1.890983e-01,3.720827e-02,1.608011e-01,1.057774e-01,2.118113e-02,5.259268e-02,2.679356e-02,8.173150e-03	0.848962	0.216901	-0.121137	-28757.496000	10
5	11	11939	0.848463	0.000000	0.000000	0.010085	0.000000	0.048876	0.000000	0.092576	0.000000	0.000000	0.141452	0.102662	0.000000	0.000000	0.000000	0.092576	0.000000	0.092576	0.122057	0.019395	-17879.012493	158	-1	0.632530	4.167277e-01,1.621955e-01,4.834018e-02,1.696162e-01,8.896893e-02,2.464163e-02,5.839404e-02,2.166322e-02,9.452609e-03	1.199680	0.183498	-0.223898	-19655.598081	10
5	12	9552	0.871827	0.000012	0.000005	0.000000	0.000000	0.128156	0.000000	0.000000	0.000000	0.000011	0.128156	0.000000	0.000006	0.000000	0.000000	0.000005	0.000000	0.000005	0.064089	0.064078	-13725.346330	66	-1	0.506066	3.713196e-01,2.325026e-01,1.982535e-02,1.403158e-01,1.357926e-01,1.188247e-02,4.243145e-02,4.022072e-02,5.709456e-03	0.458470	0.278733	0.016194	-14776.988830	22
5	13	17599	0.747660	0.058541	0.013458	0.047755	0.000000	0.047459	0.000002	0.085125	0.000000	0.042730	0.132586	0.132881	0.021365	0.000001	0.000000	0.098583	0.000000	0.098583	0.175463	-0.000148	-28301.768927	62	-1	0.932397	4.311483e-01,1.497300e-01,4.459950e-02,1.495781e-01,1.088149e-01,2.910802e-02,4.230021e-02,2.889792e-02,1.582303e-02	0.798601	0.244961	-0.113028	-30078.792993	10
5	14	17465	0.712741	0.074994	0.012134	0.070023	0.000000	0.050295	0.000000	0.079813	0.000000	0.049631	0.130108	0.149837	0.024815	0.000000	0.000000	0.091947	0.000000	0.091947	0.189603	-0.009864	-28085.774952	70	-1	0.925298	4.344950e-01,1.478700e-01,4.332827e-02,1.521934e-01,1.035382e-01,3.190141e-02,4.265138e-02,2.737930e-02,1.664310e-02	0.830415	0.232501	-0.120796	-29782.406972	7
5	15	12570	0.853654	0.000000	0.015485	0.000000	0.000000	0.130857	0.000001	0.000004	0.000000	0.015485	0.130861	0.000004	0.007743	0.000000	0.000000	0.015489	0.000000	0.015489	0.080918	0.065428	-18709.474411	650	-1	0.665960	4.101456e-01,1.895001e-01,2.768066e-02,1.479184e-01,1.176430e-01,1.956539e-02,3.918333e-02,3.730162e-02,1.106181e-02	0.568363	0.255108	-0.025549	-20036.196135	14
5	16	15769	0.833880	0.000172	0.034754	0.000000	0.000000	0.121871	0.000000	0.009322	0.000000	0.034840	0.131193	0.009322	0.017420	0.000000	0.000000	0.044077	0.000000	0.044077	0.105098	0.060936	-24321.104451	110	-1	0.835444	4.154311e-01,1.806056e-01,3.197754e-02,1.446405e-01,1.192111e-01,2.155655e-02,3.796139e-02,3.667988e-02,1.193627e-02	0.586681	0.262915	-0.033231	-25939.646950	10
5	17	17244	0.716047	0.023202	0.038990	0.085062	0.000000	0.079773	0.000005	0.056920	0.000000	0.050595	0.136699	0.141982	0.025298	0.000003	0.000000	0.095910	0.000000	0.095910	0.189935	-0.002644	-27393.335121	62	-1	0.913589	4.390595e-01,1.455080e-01,4.289165e-02,1.520510e-01,1.045480e-01,2.820274e-02,4.299443e-02,2.852683e-02,1.621775e-02	0.821499	0.237515	-0.119322	-29099.683665	10
5	18	15731	0.867770	0.000006	0.000000	0.000000	0.000000	0.132224	0.000000	0.000000	0.000000	0.000003	0.132224	0.000000	0.000002	0.000000	0.000000	0.000000	0.000000	0.000000	0.066115	0.066112	-23606.988160	58	-1	0.833430	3.684512e-01,2.391593e-01,1.851457e-02,1.461212e-01,1.252474e-01,1.481422e-02,4.522234e-02,3.698121e-02,5.488627e-03	0.508888	0.250088	-0.003238	-25579.513073	14
5	19	17639	0.729100	0.072735	0.015648	0.048257	0.000000	0.050311	0.000000	0.083948	0.000000	0.052016	0.134259	0.132206	0.026008	0.000000	0.000000	0.099596	0.000000	0.099596	0.185248	0.001027	-28413.103889	70	-1	0.934517	4.331030e-01,1.499236e-01,4.312120e-02,1.502270e-01,1.076165e-01,2.873106e-02,4.154823e-02,2.861407e-02,1.711540e-02	0.786770	0.243385	-0.107769	-30095.987773	7
5	20	17582	0.778968	0.030455	0.003165	0.051565	0.000000	0.056156	0.005999	0.073691	0.000000	0.022892	0.135846	0.125257	0.012196	0.002999	0.000000	0.076856	0.000000	0.076856	0.151943	0.002295	-28125.908797	126	-1	0.931497	4.287521e-01,1.551897e-01,4.275071e-02,1.556736e-01,1.026063e-01,2.748229e-02,4.393989e-02,2.903697e-02,1.456847e-02	0.844886	0.225969	-0.123604	-29877.211508	10
5	21	14488	0.837382	0.000251	0.028993	0.000000	0.000000	0.133374	0.000000	0.000000	0.000000	0.029119	0.133374	0.000000	0.014559	0.000000	0.000000	0.028993	0.000000	0.028993	0.095806	0.066687	-22393.605741	134	-1	0.767576	3.883688e-01,2.100725e-01,2.474832e-02,1.402760e-01,1.273107e-01,1.990046e-02,3.934569e-02,3.942740e-02,1.055016e-02	0.503446	0.268718	-0.001321	-23679.870795	14
5	22	16339	0.826549	0.017043	0.022856	0.000772	0.000000	0.070470	0.000000	0.062309	0.000000	0.031378	0.132779	0.063082	0.015689	0.000000	0.000000	0.085166	0.000000	0.085166	0.129308	0.034849	-25549.736272	150	-1	0.865642	4.244380e-01,1.690971e-01,3.613028e-02,1.498987e-01,1.111367e-01,2.354351e-02,4.256634e-02,2.890375e-02,1.428561e-02	0.708107	0.246894	-0.077910	-27100.197753	10
6	7	11849	1.000000	0.000000	0.000000	0.000000	0.000000	0.000000	0.000000	0.000000	0.000000	0.000002	0.000002	0.000020	0.000002	0.000002	0.000002	0.000000	0.000002	0.000002	0.000011	-0.000009	-14696.186899	95	-14696.197499	0.627762	4.256460e-01,2.149158e-01,3.585600e-02,1.502450e-01,1.322085e-01,1.580505e-02,1.363437e-02,1.027730e-02,1.411971e-03	0.374336	0.299974	0.050678	-17022.690270	18
6	8	17780	0.000023	0.013588	0.983853	0.000000	0.002536	0.000000	0.000000	0.000000	0.000000	0.992549	0.000000	0.002536	0.496592	0.000000	0.001268	0.983853	0.000000	0.983853	0.993183	-0.000000	-11516.035163	303	-1	0.941987	6.873413e-01,1.019530e-03,2.486161e-08,2.269732e-03,2.831157e-01,9.013329e-04,1.098028e-11,8.596645e-05,2.526635e-02	0.000000	66.201338	0.496252	-14043.315779	14
6	9	17909	0.001450	0.018647	0.975635	0.000000	0.004267	0.000000	0.000000	0.000000	0.000000	0.988159	0.000001	0.004268	0.494613	0.000000	0.002134	0.975635	0.000000	0.975635	0.989226	0.000000	-11802.675694	54	-1	0.948821	6.863828e-01,1.469385e-03,1.254555e-08,3.646519e-03,2.821529e-01,1.353809e-03,4.316372e-05,1.889159e-04,2.476247e-02	0.000153	42.101037	0.494018	-14340.132799	14
6	10	16770	1.000000	0.000000	0.000000	0.000000	0.000000	0.000000	0.000000	0.000000	0.000000	0.000000	0.000000	0.000079	0.000000	0.000000	0.000000	0.000000	0.000000	0.000000	0.000039	-0.000039	-22120.437053	118	-22120.448821	0.888477	4.029941e-01,2.227648e-01,5.573497e-02,1.845052e-01,9.503157e-02,1.417107e-02,2.127066e-02,3.264212e-03,2.634645e-04	0.810316	0.189415	-0.095938	-25887.766295	10
6	11	11844	0.885391	0.000000	0.000000	0.114608	0.000000	0.000000	0.000000	0.000000	0.000000	0.000000	0.000000	0.114608	0.000000	0.000000	0.000000	0.000000	0.000000	0.000000	0.057304	-0.057304	-15083.176392	74	-1	0.627497	4.334355e-01,1.769068e-01,6.248782e-02,1.911291e-01,8.812393e-02,2.074340e-02,2.126701e-02,5.042274e-03,8.641025e-04	0.950421	0.184523	-0.139256	-17814.714429	15
6	12	9508	1.000000	0.000000	0.000000	0.000000	0.000000	0.000000	0.000000	0.000000	0.000000	0.000004	0.000001	0.000001	0.000002	0.000001	0.000001	0.000000	0.000001	0.000001	0.000004	-0.000000	-11541.592047	70	-11541.596321	0.503735	4.058476e-01,2.458907e-01,2.276928e-02,1.356634e-01,1.508183e-01,1.232794e-02,1.302254e-02,1.247688e-02,1.183463e-03	0.237318	0.341101	0.111914	-13310.574755	21
6	13	17427	0.867944	0.000000	0.000000	0.132055	0.000000	0.000000	0.000000	0.000001	0.000000	0.000000	0.000001	0.132055	0.000000	0.000000	0.000000	0.000001	0.000000	0.000001	0.066028	-0.066027	-23903.009060	66	-1	0.923285	4.338740e-01,1.853221e-01,6.538753e-02,1.705181e-01,9.749058e-02,2.340184e-02,1.708691e-02,5.391563e-03,1.527347e-03	0.845973	0.208711	-0.116385	-27291.039980	10
6	14	17288	0.849922	0.000000	0.000000	0.150077	0.000000	0.000000	0.000000	0.000000	0.000000	0.000000	0.000000	0.150078	0.000000	0.000000	0.000000	0.000000	0.000000	0.000000	0.075039	-0.075039	-23683.028639	134	-1	0.915921	4.363397e-01,1.797187e-01,6.769368e-02,1.755873e-01,9.315423e-02,2.367452e-02,1.706097e-02,5.569928e-03,1.201038e-03	0.909832	0.198494	-0.133755	-26995.130942	10
6	15	12457	1.000000	0.000000	0.000000	0.000000	0.000000	0.000000	0.000000	0.000000	0.000000	0.000000	0.000000	0.000023	0.000000	0.000000	0.000000	0.000000	0.000000	0.000000	0.000012	-0.000011	-15809.872561	90	-15809.878012	0.659974	4.052799e-01,2.304745e-01,4.268547e-02,1.734460e-01,1.082377e-01,1.551648e-02,1.621189e-02,7.667074e-03,4.809211e-04	0.544148	0.222711	-0.014850	-18140.683159	14
6	16	15670	0.994723	0.000000	0.000000	0.005276	0.000000	0.000001	0.000000	0.000000	0.000000	0.000001	0.000001	0.005276	0.000000	0.000000	0.000000	0.000000	0.000000	0.000000	0.002639	-0.002637	-20615.197932	122	-1	0.830199	4.131692e-01,2.192183e-01,4.883783e-02,1.661898e-01,1.109783e-01,1.682732e-02,1.669051e-02,7.039450e-03,1.049256e-03	0.590461	0.233735	-0.031808	-23656.576451	14
6	17	17095	0.854432	0.000000	0.000000	0.145566	0.000000	0.000001	0.000000	0.000000	0.000000	0.000000	0.000001	0.145567	0.000000	0.000000	0.000000	0.000000	0.000000	0.000000	0.072784	-0.072783	-23244.610160	114	-1	0.905695	4.386290e-01,1.785266e-01,6.596824e-02,1.771341e-01,9.339704e-02,2.210479e-02,1.687218e-02,6.019286e-03,1.348771e-03	0.886970	0.200154	-0.126685	-26513.109445	10
6	18	15584	1.000000	0.000000	0.000000	0.000000	0.000000	0.000000	0.000000	0.000000	0.000000	0.000001	0.000005	0.000000	0.000000	0.000000	0.000000	0.000000	0.000000	0.000000	0.000003	0.000002	-19891.107920	66	-19891.117711	0.825642	3.634107e-01,2.855567e-01,3.359126e-02,1.737707e-01,1.106026e-01,7.521461e-03,2.066618e-02,4.880376e-03,1.807526e-08	0.490562	0.210276	0.003013	-23058.820677	14
6	19	17484	0.863907	0.000000	0.000000	0.136092	0.000000	0.000000	0.000000	0.000000	0.000000	0.000001	0.000000	0.136092	0.000000	0.000000	0.000000	0.000001	0.000000	0.000001	0.068047	-0.068046	-24078.009507	90	-1	0.926305	4.285660e-01,1.877111e-01,6.865642e-02,1.774528e-01,9.241268e-02,2.089778e-02,1.732510e-02,5.656509e-03,1.321614e-03	0.930408	0.193454	-0.137978	-27397.709946	10
6	20	17421	0.870440	0.000000	0.000000	0.129560	0.000000	0.000000	0.000000	0.000000	0.000000	0.000000	0.000000	0.129560	0.000000	0.000000	0.000000	0.000000	0.000000	0.000000	0.064780	-0.064780	-23818.290664	90	-1	0.922967	4.339461e-01,1.870366e-01,6.290891e-02,1.754854e-01,9.418371e-02,2.280184e-02,1.647558e-02,5.642923e-03,1.518884e-03	0.842869	0.200241	-0.111482	-27135.300793	10
6	21	14352	1.000000	0.000000	0.000000	0.000000	0.000000	0.000000	0.000000	0.000000	0.000000	0.000002	0.000002	0.000009	0.000002	0.000002	0.000002	0.000000	0.000002	0.000002	0.000006	-0.000004	-18892.918627	75	-18892.931781	0.760371	3.911954e-01,2.466179e-01,4.054833e-02,1.610605e-01,1.205371e-01,1.502807e-02,1.460175e-02,9.496195e-03,9.148117e-04	0.457536	0.247330	0.015205	-21446.382883	15
6	22	16225	0.936697	0.000000	0.000000	0.063302	0.000000	0.000000	0.000001	0.000000	0.000000	0.000001	0.000001	0.063302	0.000000	0.000000	0.000000	0.000000	0.000000	0.000000	0.031652	-0.031651	-21721.259907	82	-1	0.859603	4.249139e-01,2.034073e-01,5.178764e-02,1.732484e-01,9.981068e-02,2.207695e-02,1.617672e-02,7.152422e-03,1.426038e-03	0.680933	0.210638	-0.059649	-24780.683980	10
7	8	11891	1.000000	0.000000	0.000000	0.000000	0.000000	0.000000	0.000000	0.000000	0.000000	0.000000	0.000005	0.000000	0.000000	0.000000	0.000000	0.000000	0.000000	0.000000	0.000003	0.000002	-14807.025157	118	-14807.026882	0.629987	4.263768e-01,1.490903e-01,1.543724e-02,2.154015e-01,1.300337e-01,1.078892e-02,3.620759e-02,1.535315e-02,1.310870e-03	0.397165	0.294009	0.041100	-17168.633424	15
7	9	11949	1.000000	0.000000	0.000000	0.000000	0.000000	0.000000	0.000000	0.000000	0.000000	0.000000	0.000006	0.000000	0.000000	0.000000	0.000000	0.000000	0.000000	0.000000	0.000003	0.000003	-14893.988146	82	-14893.990246	0.633060	4.275262e-01,1.478116e-01,1.540499e-02,2.156955e-01,1.291655e-01,1.137761e-02,3.587891e-02,1.567317e-02,1.466570e-03	0.397040	0.292334	0.040990	-17272.272015	15
7	10	11563	1.000000	0.000000	0.000000	0.000000	0.000000	0.000000	0.000000	0.000000	0.000000	0.000004	0.000010	0.000001	0.000003	0.000001	0.000001	0.000001	0.000001	0.000002	0.000009	0.000004	-16326.519220	66	-16326.525140	0.612609	3.885478e-01,1.747011e-01,2.941695e-02,1.856438e-01,1.390947e-01,2.917746e-02,2.884547e-02,1.732533e-02,7.247417e-03	0.418869	0.299057	0.032947	-18012.068749	18
7	11	8641	0.911407	0.000030	0.000000	0.088563	0.000000	0.000000	0.000000	0.000000	0.000001	0.000016	0.000001	0.088564	0.000008	0.000001	0.000001	0.000000	0.000001	0.000001	0.044297	-0.044281	-11761.555050	54	-1	0.457801	4.102499e-01,1.430066e-01,3.735023e-02,2.017979e-01,1.230280e-01,3.529329e-02,2.777155e-02,1.319709e-02,8.305434e-03	0.529325	0.268376	-0.011286	-13032.295324	15
7	12	7931	1.000000	0.000000	0.000000	0.000000	0.000000	0.000000	0.000000	0.000000	0.000000	0.000065	0.000000	0.000000	0.000033	0.000000	0.000000	0.000059	0.000000	0.000059	0.000065	0.000000	-10681.812645	126	-10681.814569	0.420185	3.648982e-01,2.080987e-01,1.855726e-02,1.653614e-01,1.765080e-01,1.270148e-02,2.259277e-02,2.680483e-02,4.477262e-03	0.233134	0.388684	0.122990	-11530.810674	19
7	13	11821	0.867853	0.000189	0.007127	0.124832	0.000000	0.000000	0.000000	0.000000	0.000000	0.007221	0.000000	0.124832	0.003611	0.000000	0.000000	0.007127	0.000000	0.007127	0.069637	-0.062416	-17305.706446	411	-1	0.626278	4.013950e-01,1.442317e-01,4.604275e-02,1.997399e-01,1.227894e-01,3.304205e-02,2.073718e-02,2.214398e-02,9.878144e-03	0.543858	0.263532	-0.016705	-18664.842046	17
7	14	11731	0.826074	0.000000	0.039219	0.134663	0.000000	0.000000	0.000000	0.000008	0.000036	0.039255	0.000044	0.134707	0.019646	0.000036	0.000036	0.039227	0.000036	0.039263	0.106595	-0.067331	-17249.009867	410	-1	0.621510	4.051079e-01,1.418031e-01,4.387983e-02,1.968097e-01,1.255309e-01,3.361390e-02,2.331948e-02,1.707194e-02,1.286313e-02	0.535321	0.274987	-0.013848	-18519.857867	15
7	15	9253	0.985241	0.000129	0.014625	0.000000	0.000000	0.000000	0.000001	0.000000	0.000004	0.014694	0.000005	0.000004	0.007349	0.000004	0.000004	0.014625	0.000004	0.014629	0.014694	-0.000000	-12686.049777	98	-1	0.490225	3.945926e-01,1.708196e-01,2.426196e-02,1.838249e-01,1.454455e-01,3.017747e-02,2.266599e-02,2.031552e-02,7.896497e-03	0.322650	0.321736	0.074120	-13724.994185	18
7	16	11208	0.946795	0.000046	0.043756	0.009403	0.000000	0.000000	0.000000	0.000000	0.000000	0.043779	0.000000	0.009403	0.021890	0.000000	0.000000	0.043756	0.000000	0.043756	0.048480	-0.004701	-15957.440086	78	-1	0.593801	3.985434e-01,1.614867e-01,2.866307e-02,1.800410e-01,1.491571e-01,2.715756e-02,2.306392e-02,2.188410e-02,1.000320e-02	0.346795	0.337233	0.066344	-17199.053365	18
7	17	11752	0.843852	0.000087	0.017897	0.138163	0.000000	0.000000	0.000000	0.000000	0.000000	0.017941	0.000000	0.138164	0.008971	0.000000	0.000000	0.017897	0.000000	0.017897	0.087023	-0.069082	-17011.454911	86	-1	0.622623	4.120767e-01,1.381332e-01,4.130113e-02,1.994303e-01,1.214677e-01,3.471458e-02,2.548729e-02,1.686729e-02,1.052178e-02	0.549845	0.266415	-0.019158	-18337.716074	15
7	18	11199	1.000000	0.000000	0.000000	0.000000	0.000000	0.000000	0.000000	0.000000	0.000000	0.000016	0.000001	0.000001	0.000009	0.000001	0.000001	0.000004	0.000001	0.000005	0.000017	0.000000	-15549.785719	82	-15549.794406	0.593325	3.613365e-01,2.109691e-01,1.687415e-02,1.698314e-01,1.689322e-01,1.934431e-02,2.560571e-02,2.141580e-02,5.690815e-03	0.251461	0.364046	0.110574	-16949.901108	18
7	19	11864	0.878924	0.000000	0.007251	0.113824	0.000000	0.000000	0.000000	0.000000	0.000000	0.007251	0.000001	0.113824	0.003626	0.000000	0.000000	0.007252	0.000000	0.007252	0.064164	-0.056912	-17375.829903	78	-1	0.628556	4.044307e-01,1.497244e-01,3.869123e-02,1.933974e-01,1.247737e-01,3.597287e-02,2.612482e-02,1.724060e-02,9.644287e-03	0.519469	0.270570	-0.007522	-18653.499736	15
7	20	11843	0.866775	0.000015	0.000678	0.132532	0.000000	0.000000	0.000000	0.000000	0.000000	0.000686	0.000000	0.132532	0.000343	0.000000	0.000000	0.000678	0.000000	0.000678	0.066951	-0.066266	-17282.682681	78	-1	0.627444	4.072301e-01,1.424968e-01,4.458359e-02,1.963765e-01,1.218820e-01,3.378143e-02,2.683811e-02,1.842584e-02,8.385585e-03	0.585990	0.263527	-0.033018	-18598.511807	14
7	21	10632	0.962657	0.001360	0.035983	0.000000	0.000000	0.000000	0.000000	0.000000	0.000001	0.036663	0.000001	0.000001	0.018332	0.000001	0.000001	0.035983	0.000001	0.035984	0.036663	0.000000	-15226.654545	198	-1	0.563285	3.704791e-01,1.963532e-01,2.409864e-02,1.704077e-01,1.609709e-01,2.290819e-02,2.343219e-02,2.325425e-02,8.095859e-03	0.295276	0.349592	0.089689	-16224.655739	19
7	22	11438	0.909014	0.024273	0.000938	0.062917	0.002857	0.000000	0.000000	0.000000	0.000001	0.015218	0.000001	0.065775	0.007967	0.000001	0.001430	0.000938	0.000001	0.000939	0.047391	-0.031459	-16470.949464	118	-1	0.605987	4.022488e-01,1.590052e-01,2.975480e-02,1.910495e-01,1.285637e-01,3.684523e-02,2.500540e-02,2.006563e-02,7.461739e-03	0.425938	0.278442	0.028676	-17639.326073	15
8	9	17849	0.000000	0.019252	0.980706	0.000000	0.000042	0.000000	0.000000	0.000000	0.000000	0.990363	0.000000	0.000042	0.495187	0.000000	0.000021	0.980706	0.000000	0.980706	0.990374	0.000000	-11583.325397	78	-1	0.945642	6.864524e-01,1.578562e-03,1.928071e-09,2.367099e-03,2.824312e-01,7.460541e-04,2.880419e-09,3.216250e-04,2.610314e-02	0.000000	56.335873	0.495601	-14136.959081	14
8	10	16735	1.000000	0.000000	0.000000	0.000000	0.000000	0.000000	0.000000	0.000000	0.000000	0.000000	0.000000	0.000068	0.000000	0.000000	0.000000	0.000000	0.000000	0.000000	0.000034	-0.000034	-22088.646372	98	-22088.656994	0.886623	4.043332e-01,2.228715e-01,5.656165e-02,1.807002e-01,9.496034e-02,1.394373e-02,2.310227e-02,3.330607e-03,1.964677e-04	0.838918	0.189727	-0.105388	-25848.231163	10
8	11	11820	0.885894	0.000000	0.000000	0.114106	0.000000	0.000000	0.000000	0.000000	0.000000	0.000000	0.000000	0.114106	0.000000	0.000000	0.000000	0.000000	0.000000	0.000000	0.057053	-0.057053	-15084.209654	62	-1	0.626225	4.336006e-01,1.776718e-01,6.242109e-02,1.882592e-01,8.785101e-02,2.115879e-02,2.280644e-02,5.083172e-03,1.147926e-03	0.970137	0.184020	-0.145462	-17826.067478	15
8	12	9544	1.000000	0.000000	0.000000	0.000000	0.000000	0.000000	0.000000	0.000000	0.000000	0.000004	0.000001	0.000002	0.000003	0.000001	0.000001	0.000000	0.000001	0.000001	0.000005	-0.000000	-11587.653451	66	-11587.659376	0.505642	4.071777e-01,2.457327e-01,2.345969e-02,1.336359e-01,1.498780e-01,1.195297e-02,1.396334e-02,1.298923e-02,1.210472e-03	0.249690	0.339295	0.106569	-13369.627006	21
8	13	17392	0.864125	0.000000	0.000000	0.135874	0.000000	0.000000	0.000000	0.000001	0.000000	0.000000	0.000001	0.135875	0.000000	0.000000	0.000000	0.000001	0.000000	0.000001	0.067938	-0.067937	-23864.983709	114	-1	0.921430	4.349206e-01,1.855043e-01,6.662265e-02,1.689172e-01,9.548247e-02,2.266278e-02,1.826516e-02,5.926058e-03,1.698806e-03	0.889041	0.204067	-0.129436	-27258.970770	9
8	14	17218	0.848120	0.000001	0.000000	0.151875	0.000000	0.000001	0.000000	0.000002	0.000001	0.000002	0.000004	0.151878	0.000002	0.000001	0.000001	0.000002	0.000001	0.000003	0.075941	-0.075937	-23588.376439	54	-1	0.912212	4.383552e-01,1.801667e-01,6.773907e-02,1.728675e-01,9.144706e-02,2.367457e-02,1.838460e-02,6.044515e-03,1.320862e-03	0.941787	0.195034	-0.142846	-26912.410485	10
8	15	12457	1.000000	0.000000	0.000000	0.000000	0.000000	0.000000	0.000000	0.000000	0.000000	0.000001	0.000000	0.000024	0.000001	0.000000	0.000001	0.000000	0.000000	0.000001	0.000013	-0.000011	-15843.840006	106	-15843.846546	0.659974	4.067374e-01,2.301072e-01,4.368769e-02,1.720398e-01,1.058832e-01,1.509218e-02,1.756786e-02,8.365480e-03,5.192055e-04	0.578520	0.217482	-0.026088	-18189.502650	14
8	16	15669	0.992148	0.000000	0.000000	0.007852	0.000000	0.000000	0.000000	0.000000	0.000000	0.000000	0.000000	0.007852	0.000000	0.000000	0.000000	0.000000	0.000000	0.000000	0.003926	-0.003926	-20627.846795	142	-1	0.830146	4.158624e-01,2.167689e-01,4.937172e-02,1.638316e-01,1.106343e-01,1.666256e-02,1.812157e-02,7.644915e-03,1.102018e-03	0.610058	0.234196	-0.038890	-23719.136199	10
8	17	17042	0.852428	0.000000	0.000000	0.147565	0.000000	0.000002	0.000001	0.000003	0.000000	0.000001	0.000006	0.147568	0.000001	0.000000	0.000000	0.000003	0.000000	0.000003	0.073788	-0.073781	-23176.716338	66	-1	0.902887	4.400050e-01,1.787311e-01,6.677513e-02,1.747446e-01,9.224027e-02,2.149435e-02,1.810484e-02,6.382713e-03,1.522033e-03	0.920205	0.197842	-0.137001	-26454.428997	10
8	18	15626	1.000000	0.000000	0.000000	0.000000	0.000000	0.000000	0.000000	0.000000	0.000000	0.000001	0.000003	0.000001	0.000001	0.000000	0.000001	0.000000	0.000000	0.000000	0.000003	0.000001	-19921.988740	54	-19921.998552	0.827868	3.647064e-01,2.865039e-01,3.380511e-02,1.698707e-01,1.106720e-01,7.087603e-03,2.223580e-02,5.118455e-03,1.293414e-08	0.506369	0.210956	-0.002043	-23116.684440	13
8	19	17442	0.862347	0.000000	0.000000	0.137653	0.000000	0.000000	0.000000	0.000001	0.000000	0.000000	0.000001	0.137653	0.000000	0.000000	0.000000	0.000001	0.000000	0.000001	0.068827	-0.068826	-24008.041368	66	-1	0.924079	4.297381e-01,1.893183e-01,6.881664e-02,1.752789e-01,8.950551e-02,2.119387e-02,1.852703e-02,6.304800e-03,1.316744e-03	0.975847	0.186688	-0.149152	-27344.149203	10
8	20	17379	0.869132	0.000002	0.000000	0.130860	0.000000	0.000000	0.000000	0.000003	0.000002	0.000003	0.000006	0.130865	0.000002	0.000002	0.000002	0.000003	0.000002	0.000005	0.065437	-0.065430	-23755.709245	34	-1	0.920742	4.355534e-01,1.876350e-01,6.326982e-02,1.734939e-01,9.213653e-02,2.250185e-02,1.754595e-02,6.186274e-03,1.677212e-03	0.877131	0.195772	-0.121052	-27096.971319	10
8	21	14353	1.000000	0.000000	0.000000	0.000000	0.000000	0.000000	0.000000	0.000000	0.000000	0.000000	0.000000	0.000004	0.000000	0.000000	0.000000	0.000000	0.000000	0.000000	0.000002	-0.000002	-18912.626973	86	-18912.630422	0.760424	3.921895e-01,2.484518e-01,3.977741e-02,1.580613e-01,1.197346e-01,1.496417e-02,1.623738e-02,9.539707e-03,1.044050e-03	0.467824	0.245846	0.011492	-21487.370367	14
8	22	16210	0.935804	0.000000	0.000000	0.064196	0.000000	0.000000	0.000000	0.000000	0.000000	0.000000	0.000000	0.064196	0.000000	0.000000	0.000000	0.000000	0.000000	0.000000	0.032098	-0.032098	-21702.511344	90	-1	0.858808	4.270650e-01,2.040585e-01,5.216329e-02,1.706047e-01,9.807512e-02,2.145439e-02,1.758165e-02,7.479486e-03,1.517937e-03	0.711138	0.207197	-0.069054	-24780.882746	10
9	10	16906	1.000000	0.000000	0.000000	0.000000	0.000000	0.000000	0.000000	0.000000	0.000000	0.000000	0.000000	0.000037	0.000000	0.000000	0.000000	0.000000	0.000000	0.000000	0.000018	-0.000018	-22339.850889	106	-22339.857626	0.895682	4.034242e-01,2.236609e-01,5.613401e-02,1.822060e-01,9.365826e-02,1.330918e-02,2.381547e-02,3.533662e-03,2.583004e-04	0.853630	0.186326	-0.108587	-26154.722135	10
9	11	11922	0.887247	0.000000	0.000000	0.112753	0.000000	0.000000	0.000000	0.000000	0.000000	0.000000	0.000000	0.112753	0.000000	0.000000	0.000000	0.000000	0.000000	0.000000	0.056377	-0.056377	-15255.778765	70	-1	0.631629	4.312053e-01,1.787737e-01,6.352044e-02,1.898242e-01,8.721409e-02,1.961435e-02,2.387171e-02,4.827289e-03,1.148914e-03	1.002042	0.181533	-0.154318	-18020.460078	14
9	12	9582	1.000000	0.000000	0.000000	0.000000	0.000000	0.000000	0.000000	0.000000	0.000000	0.000002	0.000000	0.000000	0.000001	0.000000	0.000000	0.000000	0.000000	0.000000	0.000002	-0.000000	-11666.490192	74	-11666.492347	0.507656	4.060620e-01,2.475106e-01,2.297965e-02,1.343539e-01,1.480114e-01,1.220817e-02,1.448098e-02,1.321490e-02,1.178353e-03	0.253093	0.332798	0.103923	-13454.401290	22
9	13	17576	0.864970	0.000004	0.000000	0.135025	0.000000	0.000001	0.000000	0.000000	0.000000	0.000002	0.000001	0.135025	0.000001	0.000000	0.000000	0.000000	0.000000	0.000000	0.067515	-0.067512	-24179.980551	178	-1	0.931179	4.360134e-01,1.852248e-01,6.598423e-02,1.681059e-01,9.533847e-02,2.283885e-02,1.830965e-02,6.329028e-03,1.855576e-03	0.884154	0.204242	-0.127796	-27615.096997	7
9	14	17408	0.848727	0.000000	0.000000	0.151273	0.000000	0.000000	0.000000	0.000000	0.000000	0.000000	0.000000	0.151273	0.000000	0.000000	0.000000	0.000000	0.000000	0.000000	0.075637	-0.075636	-23921.087818	34	-1	0.922278	4.385964e-01,1.801284e-01,6.797913e-02,1.716369e-01,9.206286e-02,2.317761e-02,1.895816e-02,6.048603e-03,1.411895e-03	0.944325	0.196745	-0.144769	-27260.933203	9
9	15	12558	1.000000	0.000000	0.000000	0.000000	0.000000	0.000000	0.000000	0.000000	0.000000	0.000000	0.000000	0.000048	0.000000	0.000000	0.000000	0.000000	0.000000	0.000000	0.000024	-0.000024	-16008.350904	99	-16008.360169	0.665325	4.061122e-01,2.316974e-01,4.350587e-02,1.709465e-01,1.061325e-01,1.487398e-02,1.789255e-02,8.281134e-03,5.578770e-04	0.578507	0.217843	-0.026117	-18341.997400	14
9	16	15762	0.994511	0.000000	0.000000	0.005488	0.000000	0.000000	0.000001	0.000000	0.000000	0.000001	0.000001	0.005488	0.000001	0.000001	0.000000	0.000000	0.000000	0.000000	0.002745	-0.002744	-20788.053389	147	-1	0.835073	4.161376e-01,2.177871e-01,4.855362e-02,1.634352e-01,1.097732e-01,1.663488e-02,1.872847e-02,7.968583e-03,9.812499e-04	0.612919	0.232026	-0.039642	-23890.809607	11
9	17	17206	0.854893	0.000000	0.000000	0.145106	0.000000	0.000000	0.000000	0.000000	0.000000	0.000001	0.000000	0.145106	0.000000	0.000000	0.000000	0.000000	0.000000	0.000000	0.072554	-0.072553	-23426.880684	98	-1	0.911576	4.404796e-01,1.788233e-01,6.595906e-02,1.746373e-01,9.235633e-02,2.100135e-02,1.869085e-02,6.296153e-03,1.756055e-03	0.916558	0.198442	-0.136070	-26736.529905	10
9	18	15704	1.000000	0.000000	0.000000	0.000000	0.000000	0.000000	0.000000	0.000000	0.000000	0.000000	0.000006	0.000000	0.000000	0.000000	0.000000	0.000000	0.000000	0.000000	0.000004	0.000003	-20081.111130	58	-20081.122150	0.832000	3.643522e-01,2.863177e-01,3.421613e-02,1.713050e-01,1.086882e-01,7.131289e-03,2.260972e-02,5.379165e-03,5.342531e-07	0.522834	0.206255	-0.007220	-23299.724509	14
9	19	17619	0.864503	0.000000	0.000000	0.135495	0.000000	0.000000	0.000000	0.000000	0.000001	0.000001	0.000002	0.135497	0.000001	0.000001	0.000001	0.000000	0.000001	0.000001	0.067749	-0.067747	-24289.019316	34	-1	0.933457	4.299004e-01,1.892138e-01,6.863936e-02,1.755147e-01,8.972753e-02,2.006500e-02,1.913157e-02,6.247013e-03,1.560601e-03	0.978194	0.187396	-0.150421	-27660.932437	10
9	20	17556	0.871097	0.000000	0.000000	0.128903	0.000000	0.000000	0.000000	0.000000	0.000000	0.000000	0.000000	0.128903	0.000000	0.000000	0.000000	0.000000	0.000000	0.000000	0.064452	-0.064451	-24034.130487	114	-1	0.930119	4.370991e-01,1.873231e-01,6.255529e-02,1.726016e-01,9.213543e-02,2.212645e-02,1.780483e-02,6.476539e-03,1.877684e-03	0.872196	0.196498	-0.119736	-27411.497656	10
9	21	14461	1.000000	0.000000	0.000000	0.000000	0.000000	0.000000	0.000000	0.000000	0.000000	0.000001	0.000001	0.000009	0.000001	0.000001	0.000000	0.000000	0.000000	0.000000	0.000005	-0.000004	-19093.049472	78	-19093.057536	0.766146	3.918289e-01,2.488558e-01,4.023897e-02,1.588476e-01,1.175721e-01,1.499011e-02,1.608486e-02,1.061050e-02,9.711943e-04	0.479058	0.240126	0.007367	-21682.173203	14
9	22	16334	0.935730	0.000000	0.000000	0.064270	0.000000	0.000000	0.000000	0.000000	0.000000	0.000000	0.000000	0.064270	0.000000	0.000000	0.000000	0.000000	0.000000	0.000000	0.032135	-0.032135	-21913.642588	78	-1	0.865377	4.272081e-01,2.045223e-01,5.252118e-02,1.702079e-01,9.700307e-02,2.094458e-02,1.781291e-02,8.097666e-03,1.682379e-03	0.725071	0.204602	-0.073046	-25015.500248	10
10	11	12109	0.065505	0.066621	0.700165	0.031965	0.135743	0.000000	0.000000	0.000000	0.000000	0.835284	0.000000	0.167708	0.434610	0.000000	0.067872	0.700165	0.000000	0.700165	0.885202	-0.015982	-13380.014580	186	-1	0.641536	5.797027e-01,1.526427e-02,2.503928e-03,5.672353e-02,2.571107e-01,2.845486e-02,4.216459e-03,4.043827e-03,5.197974e-02	0.026138	2.312004	0.393837	-14720.515816	18
10	12	9337	1.000000	0.000000	0.000000	0.000000	0.000000	0.000000	0.000000	0.000000	0.000000	0.000006	0.000000	0.000000	0.000003	0.000000	0.000000	0.000001	0.000000	0.000001	0.000006	0.000000	-12985.848467	86	-12985.850799	0.494675	3.691713e-01,2.085515e-01,1.934059e-02,1.562543e-01,1.647834e-01,1.397305e-02,2.910192e-02,3.632386e-02,2.500086e-03	0.293977	0.355485	0.091179	-14267.714700	18
10	13	16894	0.865115	0.000000	0.000000	0.124787	0.000000	0.000006	0.000000	0.010091	0.000000	0.000000	0.010097	0.134878	0.000000	0.000000	0.000000	0.010091	0.000000	0.010091	0.072488	-0.062390	-26200.428775	66	-1	0.895046	3.948692e-01,1.605819e-01,5.449698e-02,1.880519e-01,1.059648e-01,2.866409e-02,3.938858e-02,2.068210e-02,7.300389e-03	0.886007	0.215435	-0.134129	-28748.452588	9
10	14	16686	0.855892	0.000000	0.000000	0.138970	0.000000	0.000004	0.000000	0.005135	0.000000	0.000000	0.005138	0.144104	0.000000	0.000000	0.000000	0.005135	0.000000	0.005135	0.074621	-0.069483	-25854.600533	62	-1	0.884026	3.939398e-01,1.611188e-01,5.477625e-02,1.949256e-01,1.000436e-01,2.841293e-02,3.722099e-02,2.095163e-02,8.610384e-03	0.919572	0.201130	-0.138648	-28329.598687	10
10	15	12396	1.000000	0.000000	0.000000	0.000000	0.000000	0.000000	0.000000	0.000000	0.000000	0.000000	0.000000	0.000014	0.000000	0.000000	0.000000	0.000000	0.000000	0.000000	0.000007	-0.000007	-17840.798803	114	-17840.801491	0.656742	3.731292e-01,1.962484e-01,3.317611e-02,1.866450e-01,1.235555e-01,1.999926e-02,3.608997e-02,2.535600e-02,5.800620e-03	0.560607	0.248345	-0.022176	-19735.293979	14
10	16	15109	1.000000	0.000000	0.000000	0.000000	0.000000	0.000000	0.000000	0.000000	0.000000	0.000001	0.000001	0.000278	0.000001	0.000001	0.000001	0.000000	0.000001	0.000001	0.000139	-0.000138	-22546.893574	139	-22546.905386	0.800477	3.716433e-01,1.985050e-01,3.649462e-02,1.901044e-01,1.140306e-01,2.104359e-02,3.448639e-02,2.632544e-02,7.366649e-03	0.622473	0.224930	-0.042063	-24818.912499	10
10	17	16720	0.866523	0.000000	0.000000	0.125590	0.000000	0.000000	0.000000	0.007887	0.000000	0.000000	0.007887	0.133477	0.000000	0.000000	0.000000	0.007887	0.000000	0.007887	0.070682	-0.062795	-25529.882324	106	-1	0.885828	4.025034e-01,1.614410e-01,4.844682e-02,1.931445e-01,9.976930e-02,2.845687e-02,3.820007e-02,1.847545e-02,9.562566e-03	0.868473	0.204376	-0.122325	-28052.319117	10
10	18	15434	0.000013	0.166717	0.740008	0.000000	0.000000	0.007637	0.085622	0.000004	0.000000	0.887582	0.093263	0.000005	0.454494	0.042811	0.000000	0.740012	0.000000	0.740012	0.912811	0.003818	-17098.048561	91	-1	0.817695	5.559976e-01,5.043850e-02,4.000282e-07,9.493458e-03,3.123651e-01,1.538155e-03,4.134350e-04,2.470897e-02,4.504438e-02	0.001325	3.607282	0.438224	-18468.983434	15
10	19	16939	0.869958	0.000000	0.000000	0.129268	0.000000	0.000002	0.000000	0.000772	0.000000	0.000000	0.000774	0.130040	0.000000	0.000000	0.000000	0.000772	0.000000	0.000772	0.065407	-0.064633	-26263.254471	102	-1	0.897430	3.946157e-01,1.660603e-01,4.973071e-02,1.931074e-01,9.892112e-02,3.051388e-02,3.790802e-02,2.068307e-02,8.459740e-03	0.885946	0.198635	-0.125543	-28752.240639	10
10	20	16836	0.874538	0.000000	0.000000	0.121389	0.000000	0.000013	0.000000	0.004060	0.000000	0.000000	0.004073	0.125449	0.000000	0.000000	0.000000	0.004060	0.000000	0.004060	0.064761	-0.060688	-25947.750895	62	-1	0.891974	3.999621e-01,1.609449e-01,5.025695e-02,1.907036e-01,1.033175e-01,2.789263e-02,3.622816e-02,2.276508e-02,7.928938e-03	0.837081	0.211373	-0.114383	-28430.899000	10
10	21	13918	1.000000	0.000000	0.000000	0.000000	0.000000	0.000000	0.000000	0.000000	0.000000	0.000000	0.000021	0.000000	0.000000	0.000000	0.000000	0.000000	0.000000	0.000000	0.000011	0.000010	-20677.461410	62	-20677.469678	0.737377	3.589417e-01,2.194086e-01,2.870089e-02,1.784713e-01,1.280636e-01,1.950028e-02,3.067560e-02,2.942608e-02,6.811945e-03	0.463649	0.252999	0.013245	-22505.462209	14
10	22	15639	0.941192	0.000000	0.000000	0.056290	0.000000	0.000013	0.000000	0.002505	0.000001	0.000001	0.002519	0.058795	0.000001	0.000001	0.000001	0.002505	0.000001	0.002505	0.030657	-0.028138	-23697.321422	78	-1	0.828556	3.829137e-01,1.851832e-01,4.171262e-02,1.945410e-01,1.041094e-01,2.398808e-02,3.846075e-02,2.139288e-02,7.698281e-03	0.770087	0.206044	-0.088797	-25887.013318	10
11	12	7223	0.919886	0.000003	0.006612	0.000000	0.000000	0.073499	0.000000	0.000000	0.000000	0.006614	0.073499	0.000000	0.003307	0.000000	0.000000	0.006612	0.000000	0.006612	0.043363	0.036750	-9697.128685	114	-1	0.382675	3.947622e-01,2.189654e-01,1.887640e-02,1.252265e-01,1.530394e-01,9.805239e-03,3.145645e-02,4.398666e-02,3.881637e-03	0.328888	0.341364	0.074388	-10639.092499	22
11	13	11899	0.812629	0.000000	0.000000	0.084356	0.000000	0.044937	0.000000	0.058078	0.000000	0.000000	0.103015	0.142435	0.000000	0.000000	0.000000	0.058078	0.000000	0.058078	0.122725	-0.019710	-17999.283077	147	-1	0.630411	4.063366e-01,1.791999e-01,5.970602e-02,1.593044e-01,8.618073e-02,2.659149e-02,5.071229e-02,2.449636e-02,7.472295e-03	1.281241	0.172358	-0.239621	-19745.117311	10
11	14	11744	0.815402	0.000000	0.000000	0.084246	0.000000	0.040086	0.000000	0.060267	0.000000	0.000000	0.100353	0.144512	0.000000	0.000000	0.000000	0.060267	0.000000	0.060267	0.122433	-0.022080	-17585.352304	82	-1	0.622199	4.126499e-01,1.727313e-01,5.897360e-02,1.676639e-01,8.282583e-02,2.306538e-02,4.564251e-02,2.631282e-02,1.013481e-02	1.263086	0.167532	-0.227585	-19348.545745	10
11	15	9917	0.896762	0.000000	0.000000	0.000000	0.000000	0.093802	0.000000	0.009436	0.000000	0.000000	0.103238	0.009436	0.000000	0.000000	0.000000	0.009436	0.000000	0.009436	0.056337	0.046901	-14001.065487	74	-1	0.525404	4.098311e-01,2.005481e-01,3.353897e-02,1.516250e-01,1.041384e-01,1.640354e-02,4.128791e-02,3.287764e-02,9.749267e-03	0.718533	0.218649	-0.074648	-15504.912622	14
11	16	10717	0.889765	0.000000	0.000000	0.000240	0.000000	0.109922	0.000000	0.000072	0.000000	0.000000	0.109995	0.000313	0.000000	0.000000	0.000000	0.000072	0.000000	0.000073	0.055154	0.054841	-15481.260105	154	-1	0.567788	3.874629e-01,2.140634e-01,4.338123e-02,1.622378e-01,9.218968e-02,1.663629e-02,4.359899e-02,3.339934e-02,7.030381e-03	0.943492	0.179596	-0.133893	-17099.831388	14
11	17	11831	0.830725	0.000000	0.000000	0.067827	0.000000	0.037885	0.000000	0.063562	0.000001	0.000001	0.101448	0.131390	0.000001	0.000001	0.000001	0.063562	0.000001	0.063563	0.116419	-0.014971	-17548.469396	122	-1	0.626808	4.157758e-01,1.753498e-01,5.594306e-02,1.656450e-01,8.360589e-02,2.251570e-02,4.623760e-02,2.440523e-02,1.052186e-02	1.222171	0.170591	-0.217527	-19347.350810	10
11	18	10852	0.091146	0.192667	0.516975	0.000000	0.000000	0.041574	0.157638	0.000000	0.000000	0.731537	0.199212	0.000000	0.385473	0.078819	0.000000	0.516975	0.000000	0.516975	0.791734	0.020787	-13087.560681	161	-1	0.574940	5.334644e-01,1.064872e-01,1.465957e-03,2.361875e-02,2.471501e-01,4.634137e-03,2.694087e-03,4.468055e-02,3.580470e-02	0.016832	1.346275	0.354494	-14158.770677	22
11	19	11914	0.805780	0.000000	0.000000	0.090748	0.000000	0.064999	0.000000	0.038473	0.000000	0.000000	0.103472	0.129221	0.000000	0.000000	0.000000	0.038473	0.000000	0.038473	0.116347	-0.012875	-17879.969333	82	-1	0.631205	4.146644e-01,1.776299e-01,5.302127e-02,1.607800e-01,8.380946e-02,2.752184e-02,4.835018e-02,2.594192e-02,8.281037e-03	1.209547	0.169914	-0.212574	-19624.961047	10
11	20	11880	0.849415	0.000000	0.000000	0.044211	0.000000	0.040240	0.000000	0.066134	0.000000	0.000000	0.106374	0.110346	0.000000	0.000000	0.000000	0.066134	0.000000	0.066134	0.108360	-0.001986	-17689.157741	158	-1	0.629404	4.160674e-01,1.787738e-01,5.134003e-02,1.586581e-01,8.900599e-02,2.332141e-02,4.693951e-02,2.598488e-02,9.908996e-03	1.104190	0.183511	-0.190444	-19465.168581	10
11	21	9973	0.896568	0.000000	0.000000	0.000000	0.000000	0.103429	0.000000	0.000000	0.000002	0.000002	0.103431	0.000002	0.000002	0.000002	0.000002	0.000000	0.000002	0.000002	0.051717	0.051715	-14370.453602	62	-1	0.528371	3.754248e-01,2.397280e-01,2.886186e-02,1.455319e-01,1.113890e-01,1.683011e-02,4.004901e-02,3.615888e-02,6.026447e-03	0.618651	0.219633	-0.039987	-15617.849819	15
11	22	11053	0.850844	0.000000	0.000000	0.039270	0.000000	0.083834	0.000000	0.026053	0.000000	0.000000	0.109886	0.065323	0.000000	0.000000	0.000000	0.026053	0.000000	0.026053	0.087605	0.022282	-16256.390067	170	-1	0.585589	4.001244e-01,1.993058e-01,4.478942e-02,1.642975e-01,8.498449e-02,2.224456e-02,4.820030e-02,2.736425e-02,8.689258e-03	1.094196	0.167887	-0.173179	-17779.053937	11
12	13	9494	0.863300	0.000001	0.000000	0.136699	0.000000	0.000000	0.000000	0.000000	0.000000	0.000001	0.000000	0.136699	0.000000	0.000000	0.000000	0.000000	0.000000	0.000000	0.068350	-0.068349	-13645.278920	58	-1	0.502993	3.655084e-01,1.441360e-01,4.522350e-02,2.391460e-01,1.292297e-01,4.113972e-02,1.629970e-02,1.392515e-02,5.391875e-03	0.476076	0.258527	0.008874	-14701.814029	18
12	14	9439	0.868613	0.000003	0.000000	0.131381	0.000000	0.000000	0.000000	0.000000	0.000003	0.000005	0.000003	0.131385	0.000004	0.000003	0.000003	0.000000	0.000003	0.000003	0.065695	-0.065691	-13639.721521	71	-1	0.500079	3.661926e-01,1.449915e-01,4.647735e-02,2.318017e-01,1.326994e-01,3.993077e-02,2.184080e-02,1.084757e-02,5.218335e-03	0.514834	0.267599	-0.005681	-14651.621541	22
12	15	7574	1.000000	0.000000	0.000000	0.000000	0.000000	0.000000	0.000000	0.000000	0.000000	0.000000	0.000000	0.000023	0.000000	0.000000	0.000000	0.000000	0.000000	0.000000	0.000012	-0.000011	-10302.868970	78	-10302.872180	0.401272	3.468330e-01,1.765927e-01,2.683232e-02,2.268198e-01,1.554501e-01,3.190936e-02,1.723875e-02,1.374542e-02,4.578441e-03	0.283506	0.315226	0.088567	-11127.524816	22
12	16	9074	1.000000	0.000000	0.000000	0.000000	0.000000	0.000000	0.000000	0.000000	0.000000	0.000000	0.000000	0.000284	0.000000	0.000000	0.000000	0.000000	0.000000	0.000000	0.000142	-0.000142	-12565.551926	98	-12565.555791	0.480742	3.616979e-01,1.622763e-01,2.984899e-02,2.270521e-01,1.512768e-01,2.968178e-02,1.787567e-02,1.521357e-02,5.076888e-03	0.315479	0.313886	0.075773	-13627.758713	18
12	17	9433	0.864500	0.000006	0.000000	0.135493	0.000000	0.000000	0.000000	0.000000	0.000000	0.000003	0.000000	0.135493	0.000002	0.000000	0.000000	0.000000	0.000000	0.000000	0.067750	-0.067747	-13393.128142	74	-1	0.499762	3.752087e-01,1.395212e-01,4.093361e-02,2.409282e-01,1.260323e-01,4.033807e-02,1.939392e-02,1.233975e-02,5.304273e-03	0.478667	0.255408	0.007848	-14443.445300	22
12	18	9064	1.000000	0.000000	0.000000	0.000000	0.000000	0.000000	0.000000	0.000000	0.000000	0.000012	0.000000	0.000000	0.000006	0.000000	0.000000	0.000009	0.000000	0.000009	0.000012	-0.000000	-12327.707657	86	-12327.710558	0.480212	3.434896e-01,1.911637e-01,1.757260e-02,1.975368e-01,1.913740e-01,2.249483e-02,1.875110e-02,1.444875e-02,3.168592e-03	0.189805	0.414258	0.146868	-13435.970791	18
12	19	9535	0.876154	0.000006	0.000000	0.123840	0.000000	0.000000	0.000000	0.000000	0.000000	0.000003	0.000000	0.123840	0.000002	0.000000	0.000000	0.000000	0.000000	0.000000	0.061923	-0.061920	-13689.910427	54	-1	0.505166	3.667266e-01,1.450971e-01,4.433600e-02,2.334973e-01,1.322862e-01,4.156690e-02,2.305146e-02,1.028312e-02,3.155328e-03	0.509407	0.265725	-0.003581	-14738.414015	18
12	20	9548	0.864795	0.000003	0.000000	0.135198	0.000000	0.000000	0.000000	0.000000	0.000003	0.000005	0.000003	0.135201	0.000004	0.000003	0.000003	0.000000	0.000003	0.000003	0.067604	-0.067599	-13609.920613	75	-1	0.505854	3.742747e-01,1.371412e-01,4.653709e-02,2.387635e-01,1.309113e-01,3.540719e-02,1.948450e-02,1.308616e-02,4.394260e-03	0.504323	0.266937	-0.001649	-14651.591770	18
12	21	8618	1.000000	0.000000	0.000000	0.000000	0.000000	0.000000	0.000000	0.000000	0.000000	0.000028	0.000000	0.000000	0.000014	0.000000	0.000000	0.000002	0.000000	0.000003	0.000028	-0.000000	-12067.469985	110	-12067.475932	0.456583	3.415795e-01,1.886881e-01,2.265244e-02,2.118380e-01,1.696145e-01,2.915072e-02,1.357251e-02,1.826762e-02,4.636556e-03	0.213572	0.350321	0.123435	-12884.888354	19
12	22	9221	0.914981	0.000014	0.000000	0.085005	0.000000	0.000000	0.000000	0.000000	0.000000	0.000008	0.000000	0.085005	0.000004	0.000000	0.000000	0.000000	0.000000	0.000001	0.042510	-0.042502	-13062.059753	70	-1	0.488530	3.710737e-01,1.453908e-01,3.656669e-02,2.377976e-01,1.374350e-01,3.492621e-02,1.765188e-02,1.504754e-02,4.110548e-03	0.394503	0.281987	0.040956	-13973.219357	18
13	14	17393	0.710213	0.055621	0.023206	0.082437	0.000220	0.066137	0.000001	0.062165	0.000000	0.051183	0.128302	0.144823	0.025619	0.000000	0.000110	0.085371	0.000000	0.085371	0.187690	-0.008150	-27797.676158	78	-1	0.921483	4.357922e-01,1.454503e-01,4.196188e-02,1.504742e-01,1.053000e-01,3.230774e-02,4.362758e-02,2.874846e-02,1.633760e-02	0.812815	0.237928	-0.116070	-29622.547478	7
13	15	12552	0.710386	0.082035	0.071317	0.000000	0.000000	0.136261	0.000000	0.000000	0.000000	0.112335	0.136261	0.000000	0.056167	0.000000	0.000000	0.071317	0.000000	0.071317	0.180466	0.068131	-18703.805402	126	-1	0.665007	4.268683e-01,1.698290e-01,2.447650e-02,1.350194e-01,1.330841e-01,2.031658e-02,3.528140e-02,4.157672e-02,1.354800e-02	0.449023	0.312038	0.021438	-19919.410605	14
13	16	15708	0.809586	0.001108	0.057302	0.000000	0.000000	0.129673	0.000000	0.002331	0.000000	0.057856	0.132004	0.002331	0.028928	0.000000	0.000000	0.059633	0.000000	0.059633	0.125023	0.064837	-24208.905885	178	-1	0.832212	4.186167e-01,1.768080e-01,2.861486e-02,1.389403e-01,1.241287e-01,2.358249e-02,3.950424e-02,3.674394e-02,1.306072e-02	0.548778	0.279447	-0.019396	-25868.237682	13
13	17	17204	0.733809	0.023587	0.027140	0.083398	0.000000	0.066587	0.011621	0.053858	0.000000	0.047649	0.132065	0.137256	0.025277	0.005810	0.000000	0.080998	0.000000	0.080998	0.179405	-0.008406	-27306.292343	94	-1	0.911470	4.367350e-01,1.468490e-01,4.006081e-02,1.545606e-01,1.029821e-01,2.959773e-02,4.222930e-02,3.010093e-02,1.688453e-02	0.799072	0.232256	-0.108625	-29060.733304	10
13	18	15677	0.868021	0.000007	0.000000	0.000000	0.000000	0.131969	0.000000	0.000000	0.000002	0.000006	0.131971	0.000002	0.000004	0.000002	0.000002	0.000000	0.000002	0.000002	0.065990	0.065985	-23555.172017	71	-1	0.830570	3.717927e-01,2.301364e-01,1.997283e-02,1.434756e-01,1.305684e-01,1.366649e-02,4.466953e-02,4.052442e-02,5.193604e-03	0.495084	0.265143	0.001863	-25584.844080	13
13	19	17651	0.784331	0.010069	0.032310	0.035932	0.006036	0.040434	0.000002	0.090884	0.000000	0.041874	0.131321	0.132853	0.021692	0.000001	0.003018	0.123195	0.000000	0.123195	0.172451	0.002251	-28327.434752	86	-1	0.935152	4.315441e-01,1.489299e-01,4.245339e-02,1.482495e-01,1.113064e-01,2.850993e-02,4.537234e-02,2.632231e-02,1.731211e-02	0.789045	0.253063	-0.111978	-30133.263223	7
13	20	17524	0.761700	0.040318	0.005692	0.059285	0.000000	0.068453	0.000006	0.064546	0.000000	0.025855	0.133005	0.123831	0.012928	0.000003	0.000000	0.070238	0.000000	0.070238	0.154272	0.004584	-28025.958240	98	-1	0.928424	4.304369e-01,1.519316e-01,4.117523e-02,1.518791e-01,1.051630e-01,3.007234e-02,4.502404e-02,3.067085e-02,1.364697e-02	0.819673	0.233305	-0.116956	-29845.041861	10
13	21	14354	0.831420	0.000036	0.031611	0.000000	0.000000	0.136933	0.000000	0.000000	0.000000	0.031629	0.136933	0.000000	0.015815	0.000000	0.000000	0.031611	0.000000	0.031611	0.100096	0.068466	-22094.722361	94	-1	0.760477	3.901998e-01,2.065741e-01,2.728654e-02,1.369971e-01,1.320712e-01,1.627230e-02,4.071557e-02,3.836987e-02,1.151346e-02	0.514890	0.283284	-0.005938	-23449.023993	15
13	22	16253	0.834391	0.008618	0.017403	0.015359	0.000000	0.081828	0.000000	0.042401	0.000000	0.021712	0.124229	0.057760	0.010856	0.000000	0.000000	0.059804	0.000000	0.059804	0.112707	0.033234	-25306.353348	130	-1	0.861086	4.223014e-01,1.680346e-01,3.451695e-02,1.535784e-01,1.093715e-01,2.472294e-02,4.233547e-02,3.194259e-02,1.319626e-02	0.702673	0.240308	-0.074258	-26996.640228	10
14	15	12445	0.747095	0.040384	0.064148	0.000000	0.000000	0.148372	0.000000	0.000000	0.000000	0.084340	0.148372	0.000000	0.042170	0.000000	0.000000	0.064148	0.000000	0.064148	0.158527	0.074186	-18505.881062	134	-1	0.659338	4.249353e-01,1.778558e-01,2.294799e-02,1.318566e-01,1.292083e-01,2.097571e-02,4.019497e-02,3.889090e-02,1.313440e-02	0.488691	0.298594	0.004653	-19751.320407	14
14	16	15568	0.794249	0.000062	0.066379	0.000000	0.000000	0.134863	0.002132	0.002315	0.000000	0.068009	0.139309	0.002315	0.034271	0.001066	0.000000	0.068694	0.000000	0.068694	0.138288	0.067431	-23893.270383	106	-1	0.824795	4.215888e-01,1.778141e-01,2.968444e-02,1.390922e-01,1.238560e-01,1.899509e-02,3.653914e-02,3.802577e-02,1.440447e-02	0.534682	0.281395	-0.013820	-25478.494765	11
14	17	17042	0.696049	0.079189	0.011383	0.066900	0.000000	0.075189	0.000001	0.071289	0.000000	0.050978	0.146479	0.138190	0.025489	0.000000	0.000000	0.082672	0.000000	0.082672	0.193312	0.004145	-26943.747813	58	-1	0.902887	4.406448e-01,1.488439e-01,4.180658e-02,1.482604e-01,1.014208e-01,2.877681e-02,4.530553e-02,2.914288e-02,1.579833e-02	0.858918	0.229388	-0.130504	-28682.576072	10
14	18	15486	0.857720	0.000007	0.000000	0.000000	0.000000	0.142273	0.000000	0.000000	0.000000	0.000004	0.142273	0.000000	0.000002	0.000000	0.000000	0.000000	0.000000	0.000000	0.071140	0.071136	-23247.579454	50	-1	0.820450	3.679219e-01,2.391431e-01,1.990144e-02,1.448576e-01,1.237005e-01,1.270897e-02,4.567155e-02,3.963258e-02,6.462294e-03	0.530095	0.246457	-0.010889	-25236.829637	14
14	19	17430	0.720130	0.083482	0.010188	0.040303	0.000015	0.057141	0.000007	0.088734	0.000000	0.051945	0.145882	0.129052	0.025975	0.000003	0.000007	0.098922	0.000000	0.098922	0.189407	0.008419	-27906.993459	78	-1	0.923444	4.371677e-01,1.512360e-01,4.215979e-02,1.449369e-01,1.052952e-01,2.854481e-02,4.356994e-02,2.975328e-02,1.733652e-02	0.814185	0.239198	-0.117092	-29642.444711	7
14	20	17339	0.755039	0.030146	0.029251	0.039199	0.000000	0.058810	0.005365	0.082190	0.000000	0.048348	0.146365	0.121388	0.024845	0.002683	0.000000	0.111441	0.000000	0.111441	0.180883	0.009806	-27594.030055	150	-1	0.918623	4.370457e-01,1.517300e-01,4.079424e-02,1.482852e-01,1.058612e-01,2.545421e-02,4.293797e-02,2.999171e-02,1.789975e-02	0.790962	0.241036	-0.108613	-29324.233031	7
14	21	14256	0.841792	0.000092	0.020293	0.000000	0.000000	0.137822	0.000000	0.000000	0.000000	0.020339	0.137822	0.000000	0.010169	0.000000	0.000000	0.020293	0.000000	0.020293	0.089250	0.068911	-21921.125731	90	-1	0.755285	3.907588e-01,2.090769e-01,2.663864e-02,1.360474e-01,1.281286e-01,1.868631e-02,4.126134e-02,4.063456e-02,8.767398e-03	0.529936	0.271261	-0.011611	-23228.913854	14
14	22	16117	0.797580	0.023578	0.027737	0.007906	0.003864	0.093390	0.000000	0.045944	0.000000	0.042425	0.139334	0.057714	0.021695	0.000000	0.001932	0.073681	0.000000	0.073681	0.139983	0.042742	-25165.405406	206	-1	0.853881	4.255464e-01,1.685666e-01,3.441781e-02,1.484156e-01,1.094295e-01,2.359030e-02,4.272876e-02,3.193220e-02,1.537279e-02	0.704989	0.243365	-0.075865	-26735.006301	10
15	16	11665	0.896276	0.027323	0.076401	0.000000	0.000000	0.000000	0.000000	0.000000	0.000000	0.090063	0.000000	0.000000	0.045031	0.000000	0.000000	0.076401	0.000000	0.076401	0.090063	-0.000000	-16815.312438	134	-1	0.618013	4.100125e-01,1.628779e-01,2.417752e-02,1.603879e-01,1.554962e-01,2.959456e-02,2.084886e-02,2.666440e-02,9.940143e-03	0.289566	0.366260	0.094774	-17994.127092	14
15	17	12510	0.741353	0.041624	0.079771	0.133834	0.003419	0.000000	0.000000	0.000000	0.000000	0.103147	0.000000	0.137252	0.052001	0.000000	0.001709	0.079771	0.000000	0.079771	0.170918	-0.066917	-18513.021664	194	-1	0.662781	4.285546e-01,1.330319e-01,3.502938e-02,1.736636e-01,1.309557e-01,4.086715e-02,2.420997e-02,1.943953e-02,1.424826e-02	0.452362	0.307234	0.019839	-19743.989454	14
15	18	11688	1.000000	0.000000	0.000000	0.000000	0.000000	0.000000	0.000000	0.000000	0.000000	0.000000	0.000026	0.000000	0.000000	0.000000	0.000000	0.000000	0.000000	0.000000	0.000013	0.000013	-16406.779872	78	-16406.784121	0.619232	3.518065e-01,2.272649e-01,1.736974e-02,1.716240e-01,1.550854e-01,1.716225e-02,2.677145e-02,2.872831e-02,4.187398e-03	0.284625	0.317199	0.088487	-17892.268071	15
15	19	12590	0.615184	0.162877	0.105669	0.097517	0.018745	0.000001	0.000000	0.000005	0.000000	0.201167	0.000007	0.116268	0.102927	0.000000	0.009373	0.105675	0.000000	0.105675	0.254618	-0.048758	-18465.272795	78	-1	0.667020	4.457188e-01,1.253024e-01,2.749014e-02,1.587895e-01,1.437103e-01,3.997915e-02,2.059136e-02,2.094442e-02,1.747399e-02	0.334572	0.365585	0.075181	-19626.876521	13
15	20	12509	0.845202	0.000012	0.037076	0.117640	0.000000	0.000000	0.000000	0.000070	0.000000	0.037082	0.000070	0.117710	0.018541	0.000000	0.000000	0.037146	0.000000	0.037146	0.095972	-0.058820	-18641.806578	74	-1	0.662728	4.103918e-01,1.465012e-01,4.025524e-02,1.848405e-01,1.260682e-01,3.397199e-02,2.647999e-02,2.029886e-02,1.119224e-02	0.529358	0.278697	-0.011607	-19900.063620	14
15	21	10917	0.966013	0.000006	0.033980	0.000000	0.000000	0.000000	0.000000	0.000000	0.000000	0.033983	0.000000	0.000000	0.016992	0.000000	0.000000	0.033980	0.000000	0.033980	0.033983	-0.000000	-15790.843860	94	-1	0.578384	3.704529e-01,1.990590e-01,2.462195e-02,1.695929e-01,1.587155e-01,1.841329e-02,2.226150e-02,2.734839e-02,9.534605e-03	0.295393	0.344064	0.088746	-16732.614571	18
15	22	11907	0.884780	0.031616	0.035989	0.047613	0.000000	0.000001	0.000000	0.000001	0.000000	0.051797	0.000002	0.047614	0.025899	0.000000	0.000000	0.035990	0.000000	0.035990	0.075605	-0.023806	-17331.743304	94	-1	0.630834	4.070388e-01,1.579986e-01,2.976442e-02,1.866136e-01,1.316346e-01,3.001275e-02,2.113655e-02,2.431298e-02,1.148779e-02	0.386684	0.292626	0.045050	-18469.038251	14
16	17	15495	0.790553	0.005878	0.067775	0.135658	0.000000	0.000000	0.000000	0.000136	0.000000	0.070714	0.000136	0.135794	0.035357	0.000000	0.000000	0.067911	0.000000	0.067911	0.138679	-0.067829	-23608.128336	250	-1	0.820927	4.270775e-01,1.340625e-01,3.547625e-02,1.791429e-01,1.228242e-01,3.643470e-02,2.852177e-02,2.223810e-02,1.422204e-02	0.521054	0.281787	-0.008375	-25196.009794	11
16	18	14547	1.000000	0.000000	0.000000	0.000000	0.000000	0.000000	0.000000	0.000000	0.000000	0.000000	0.000159	0.000001	0.000000	0.000000	0.000000	0.000000	0.000000	0.000000	0.000080	0.000079	-21171.103594	122	-21171.113582	0.770702	3.534427e-01,2.260351e-01,1.743552e-02,1.735276e-01,1.492705e-01,1.536774e-02,3.082638e-02,2.793471e-02,6.159743e-03	0.323318	0.303935	0.071144	-23035.859875	14
16	19	15757	0.766292	0.029504	0.073624	0.125235	0.003117	0.000517	0.000000	0.001705	0.000006	0.090720	0.002228	0.130062	0.045752	0.000006	0.001564	0.075329	0.000006	0.075335	0.156080	-0.062359	-24217.950393	126	-1	0.834808	4.245572e-01,1.366582e-01,3.593287e-02,1.747856e-01,1.262891e-01,3.634333e-02,2.720573e-02,2.199951e-02,1.622853e-02	0.499953	0.291711	0.000019	-25798.731014	11
16	20	15694	0.818757	0.000506	0.056676	0.119734	0.000000	0.000000	0.000000	0.004326	0.000000	0.056929	0.004326	0.124060	0.028465	0.000000	0.000000	0.061002	0.000000	0.061002	0.121122	-0.059867	-24111.526650	134	-1	0.831470	4.181451e-01,1.418651e-01,3.781807e-02,1.805010e-01,1.226862e-01,3.340400e-02,2.938515e-02,2.258769e-02,1.360755e-02	0.547765	0.275352	-0.018790	-25719.795686	11
16	21	13439	0.917281	0.000083	0.081792	0.000000	0.000000	0.000845	0.000000	0.000000	0.000000	0.081833	0.000845	0.000000	0.040917	0.000000	0.000000	0.081792	0.000000	0.081792	0.082255	0.000422	-20037.463500	134	-1	0.712000	3.883637e-01,1.857798e-01,2.128351e-02,1.542740e-01,1.638865e-01,2.170044e-02,2.446481e-02,2.889028e-02,1.135701e-02	0.279146	0.375548	0.100763	-21212.414337	15
16	22	14982	0.880019	0.000046	0.058238	0.055374	0.000000	0.000000	0.000000	0.006323	0.000001	0.058261	0.006323	0.061697	0.029131	0.000001	0.000001	0.064560	0.000001	0.064561	0.092271	-0.027687	-22633.446169	110	-1	0.793748	4.122018e-01,1.498040e-01,3.485450e-02,1.768095e-01,1.351445e-01,2.658532e-02,2.808246e-02,2.466294e-02,1.185491e-02	0.465701	0.306590	0.014303	-24114.142416	14
17	18	15428	0.854734	0.000000	0.000000	0.000000	0.000000	0.145264	0.000000	0.000001	0.000000	0.000001	0.145265	0.000001	0.000001	0.000000	0.000000	0.000001	0.000000	0.000001	0.072633	0.072632	-23026.661322	91	-1	0.817377	3.736991e-01,2.380056e-01,2.023210e-02,1.435717e-01,1.220527e-01,1.259506e-02,4.345568e-02,4.030353e-02,6.084604e-03	0.521806	0.245005	-0.007844	-24976.641600	11
17	19	17264	0.744891	0.018485	0.032575	0.064446	0.000000	0.074020	0.000000	0.065584	0.000000	0.041818	0.139603	0.130029	0.020909	0.000000	0.000000	0.098159	0.000000	0.098159	0.176634	0.004787	-27450.286011	78	-1	0.914649	4.366717e-01,1.539013e-01,4.416332e-02,1.456861e-01,1.045594e-01,2.837460e-02,4.298872e-02,2.798029e-02,1.567462e-02	0.833517	0.235976	-0.123428	-29156.902198	10
17	20	17156	0.761176	0.002853	0.035444	0.060270	0.000000	0.073167	0.000000	0.067090	0.000000	0.036870	0.140257	0.127360	0.018435	0.000000	0.000000	0.102533	0.000000	0.102533	0.170679	0.006449	-27176.222781	86	-1	0.908927	4.354149e-01,1.533902e-01,4.510282e-02,1.479666e-01,1.055509e-01,2.589982e-02,4.300684e-02,2.854165e-02,1.512624e-02	0.834760	0.237777	-0.124658	-28894.749638	10
17	21	14191	0.811597	0.000101	0.043708	0.000000	0.000000	0.144594	0.000000	0.000000	0.000000	0.043759	0.144594	0.000000	0.021879	0.000000	0.000000	0.043708	0.000000	0.043708	0.116056	0.072297	-21749.263723	110	-1	0.751841	3.958793e-01,2.100453e-01,2.544120e-02,1.320871e-01,1.291134e-01,1.795046e-02,3.859930e-02,3.916415e-02,1.171971e-02	0.496002	0.278690	0.001570	-22998.222746	14
17	22	16003	0.801869	0.039818	0.017078	0.001353	0.000000	0.079803	0.003183	0.056895	0.000000	0.039375	0.139881	0.058249	0.020085	0.001591	0.000000	0.073973	0.000000	0.073973	0.137644	0.039225	-24851.790825	166	-1	0.847841	4.297148e-01,1.667743e-01,3.618319e-02,1.476117e-01,1.094545e-01,2.268757e-02,4.019481e-02,3.369962e-02,1.367939e-02	0.697806	0.244782	-0.073432	-26366.997960	10
18	19	15728	0.857848	0.000001	0.007189	0.134960	0.000000	0.000000	0.000000	0.000002	0.000000	0.007189	0.000002	0.134962	0.003595	0.000000	0.000000	0.007191	0.000000	0.007191	0.074671	-0.067480	-23647.475039	82	-1	0.833272	3.869613e-01,1.321574e-01,3.974535e-02,2.203940e-01,1.394567e-01,4.279878e-02,1.917882e-02,1.233120e-02,6.976499e-03	0.422527	0.298875	0.031472	-25499.017919	11
18	20	15624	0.869380	0.000001	0.000000	0.130617	0.000000	0.000000	0.000000	0.000000	0.000002	0.000003	0.000002	0.130619	0.000002	0.000002	0.000002	0.000000	0.000002	0.000002	0.065311	-0.065308	-23438.718703	50	-1	0.827762	3.695753e-01,1.465304e-01,4.452592e-02,2.385781e-01,1.241133e-01,3.708444e-02,1.953896e-02,1.446653e-02,5.587100e-03	0.516181	0.247867	-0.005864	-25415.185757	14
18	21	13437	1.000000	0.000000	0.000000	0.000000	0.000000	0.000000	0.000000	0.000000	0.000000	0.000001	0.000000	0.000000	0.000001	0.000000	0.000000	0.000000	0.000000	0.000000	0.000001	-0.000000	-19584.801057	66	-19584.802480	0.711894	3.370412e-01,1.968535e-01,2.531527e-02,2.136793e-01,1.623427e-01,2.481250e-02,1.620039e-02,1.907790e-02,4.677271e-03	0.255729	0.327344	0.101798	-21035.216439	14
18	22	14857	0.937344	0.000000	0.000000	0.062656	0.000000	0.000000	0.000000	0.000000	0.000000	0.000000	0.000000	0.062656	0.000000	0.000000	0.000000	0.000000	0.000000	0.000000	0.031328	-0.031328	-21953.371698	62	-1	0.787126	3.591722e-01,1.640982e-01,3.547768e-02,2.371535e-01,1.316112e-01,3.301418e-02,2.234402e-02,1.211260e-02,5.016425e-03	0.439337	0.261030	0.022503	-23704.099854	14
19	20	17568	0.793171	0.034361	0.007239	0.032604	0.000000	0.037040	0.000072	0.095513	0.000000	0.024474	0.132625	0.128118	0.012246	0.000036	0.000000	0.102751	0.000000	0.102752	0.154827	0.002218	-28094.186849	78	-1	0.930755	4.311615e-01,1.521427e-01,4.330777e-02,1.518801e-01,1.056647e-01,2.706961e-02,4.462733e-02,2.880697e-02,1.533943e-02	0.832209	0.235946	-0.122903	-29857.719669	7
19	21	14406	0.843233	0.000002	0.024778	0.000000	0.000000	0.131986	0.000000	0.000000	0.000000	0.024780	0.131987	0.000000	0.012390	0.000000	0.000000	0.024779	0.000000	0.024779	0.090773	0.065993	-22205.131316	62	-1	0.763232	3.857768e-01,2.118143e-01,2.717857e-02,1.425622e-01,1.283394e-01,1.530981e-02,4.084847e-02,3.594205e-02,1.222844e-02	0.530056	0.270955	-0.011648	-23500.322008	14
19	22	16289	0.773276	0.050691	0.027793	0.021470	0.000000	0.085298	0.000000	0.041472	0.000000	0.053139	0.126770	0.062942	0.026569	0.000000	0.000000	0.069265	0.000000	0.069265	0.147995	0.031914	-25428.011142	78	-1	0.862993	4.281377e-01,1.679876e-01,3.219849e-02,1.475063e-01,1.109380e-01,2.639808e-02,4.183989e-02,3.031702e-02,1.467686e-02	0.667385	0.248602	-0.062514	-26958.544419	10
20	21	14405	0.718320	0.092282	0.071559	0.000000	0.000000	0.115792	0.002047	0.000000	0.000000	0.119235	0.117839	0.000000	0.059873	0.001024	0.000000	0.071559	0.000000	0.071559	0.177643	0.057896	-22043.527435	118	-1	0.763179	4.091731e-01,1.950174e-01,2.177523e-02,1.288585e-01,1.440439e-01,1.859908e-02,3.022812e-02,3.954971e-02,1.275490e-02	0.361024	0.331877	0.059747	-23181.839707	14
20	22	16277	0.755754	0.107627	0.016350	0.004112	0.000000	0.059634	0.000001	0.056522	0.000000	0.070164	0.116156	0.060634	0.035082	0.000000	0.000000	0.072872	0.000000	0.072872	0.158559	0.027761	-25376.868046	110	-1	0.862358	4.287554e-01,1.627045e-01,3.474691e-02,1.488252e-01,1.167010e-01,2.454388e-02,3.844085e-02,3.072825e-02,1.455398e-02	0.627139	0.265236	-0.049441	-26901.223228	10
21	22	13854	0.832744	0.037478	0.064957	0.064820	0.000000	0.000000	0.000000	0.000000	0.000000	0.083697	0.000000	0.064820	0.041848	0.000000	0.000000	0.064957	0.000000	0.064957	0.116107	-0.032410	-20987.023843	106	-1	0.733987	3.945783e-01,1.441483e-01,2.907622e-02,1.989390e-01,1.449623e-01,3.416123e-02,2.224410e-02,2.046903e-02,1.142150e-02	0.354025	0.322829	0.061546	-22077.338738	14
